   11.00 	  -101.00
   13.00 	  -101.00
   14.00 	  -101.00
   16.00 	  -101.00
   17.00 	  -101.00
   18.00 	  -101.00
   19.00 	  -101.00
   21.00 	  -101.00
   22.00 	  -101.00
   23.00 	  -101.00
   24.00 	  -101.00
   26.00 	  -101.00
   27.00 	  -101.00
   28.00 	  -101.00
   29.00 	  -101.00
   30.00 	  -101.00
   31.00 	  -101.00
   32.00 	  -101.00
   34.00 	  -101.00
   35.00 	  -101.00
   36.00 	  -101.00
   37.00 	  -101.00
   38.00 	  -101.00
   39.00 	  -101.00
   40.00 	  -101.00
   41.00 	  -101.00
   42.00 	  -101.00
   43.00 	  -101.00
   44.00 	  -101.00
   45.00 	  -101.00
   46.00 	  -101.00
   47.00 	  -101.00
   48.00 	  -101.00
   48.00 	  -101.00
   49.00 	  -101.00
   50.00 	  -101.00
   51.00 	  -101.00
   52.00 	  -101.00
   53.00 	  -101.00
   53.00 	  -101.00
   54.00 	  -101.00
   55.00 	  -101.00
   56.00 	  -101.00
   57.00 	  -101.00
   57.00 	  -101.00
   58.00 	  -101.00
   59.00 	  -101.00
   59.00 	  -101.00
   60.00 	  -101.00
   61.00 	  -101.00
   61.00 	  -101.00
   62.00 	  -101.00
   63.00 	  -101.00
   65.00 	  -101.00
   67.00 	  -101.00
   69.00 	  -101.00
   70.00 	  -101.00
   72.00 	  -101.00
   73.00 	  -101.00
   74.00 	  -101.00
   75.00 	  -101.00
   76.00 	  -101.00
   77.00 	  -101.00
   78.00 	  -101.00
   79.00 	  -101.00
   80.00 	  -101.00
   82.00 	  -101.00
   83.00 	  -101.00
   84.00 	  -101.00
   85.00 	  -101.00
   86.00 	  -101.00
   87.00 	  -101.00
   88.00 	  -101.00
   89.00 	  -101.00
   90.00 	  -101.00
   91.00 	  -101.00
   92.00 	  -101.00
   93.00 	  -101.00
   94.00 	  -101.00
   96.00 	  -101.00
   97.00 	  -101.00
   98.00 	  -101.00
   99.00 	  -101.00
  100.00 	  -101.00
  101.00 	  -101.00
  102.00 	  -101.00
  103.00 	  -101.00
  104.00 	  -101.00
  105.00 	  -101.00
  106.00 	  -101.00
  107.00 	  -101.00
  108.00 	  -101.00
  109.00 	  -101.00
  110.00 	  -101.00
  111.00 	  -101.00
  112.00 	  -101.00
  113.00 	  -101.00
  114.00 	  -101.00
  116.00 	  -101.00
  117.00 	  -101.00
  118.00 	  -101.00
  119.00 	  -101.00
  120.00 	  -101.00
  121.00 	  -101.00
  122.00 	  -101.00
  123.00 	  -101.00
  124.00 	  -101.00
  125.00 	  -101.00
  126.00 	  -101.00
  127.00 	  -101.00
  128.00 	  -101.00
  129.00 	  -101.00
  130.00 	  -101.00
  131.00 	  -101.00
  132.00 	  -101.00
  133.00 	  -101.00
  134.00 	  -101.00
  135.00 	  -101.00
  136.00 	  -101.00
  137.00 	  -101.00
  138.00 	  -101.00
  139.00 	  -101.00
  140.00 	  -101.00
  141.00 	  -101.00
  142.00 	  -101.00
  143.00 	  -101.00
  144.00 	  -101.00
  145.00 	  -101.00
  146.00 	  -101.00
  147.00 	  -101.00
  148.00 	  -101.00
  149.00 	  -101.00
  150.00 	  -101.00
  151.00 	  -101.00
  152.00 	  -101.00
  153.00 	  -101.00
  154.00 	  -101.00
  155.00 	  -101.00
  156.00 	  -101.00
  157.00 	  -101.00
  158.00 	  -101.00
  159.00 	  -101.00
  160.00 	  -101.00
  161.00 	  -101.00
  162.00 	  -101.00
  163.00 	  -101.00
  164.00 	  -101.00
  165.00 	  -101.00
  166.00 	  -101.00
  167.00 	  -101.00
  168.00 	  -101.00
  169.00 	  -101.00
  170.00 	  -101.00
  171.00 	  -101.00
  171.00 	  -101.00
  172.00 	  -101.00
  173.00 	  -101.00
  174.00 	  -101.00
  175.00 	  -101.00
  176.00 	  -101.00
  177.00 	  -101.00
  178.00 	  -101.00
  179.00 	  -101.00
  180.00 	  -101.00
  181.00 	  -101.00
  182.00 	  -101.00
  183.00 	  -101.00
  184.00 	  -101.00
  185.00 	  -101.00
  186.00 	  -101.00
  187.00 	  -101.00
  188.00 	  -101.00
  189.00 	  -101.00
  190.00 	  -101.00
  191.00 	  -101.00
  192.00 	  -101.00
  193.00 	  -101.00
  194.00 	  -101.00
  195.00 	  -101.00
  196.00 	  -101.00
  197.00 	  -101.00
  197.00 	  -101.00
  198.00 	  -101.00
  199.00 	  -101.00
  200.00 	  -101.00
  201.00 	  -101.00
  202.00 	  -101.00
  203.00 	  -101.00
  204.00 	  -101.00
  205.00 	  -101.00
  206.00 	  -101.00
  207.00 	  -101.00
  208.00 	  -101.00
  209.00 	  -101.00
  210.00 	  -101.00
  211.00 	  -101.00
  212.00 	  -101.00
  213.00 	  -101.00
  214.00 	  -101.00
  215.00 	  -101.00
  216.00 	  -101.00
  216.00 	  -101.00
  217.00 	  -101.00
  218.00 	  -101.00
  219.00 	  -101.00
  220.00 	  -101.00
  221.00 	  -101.00
  222.00 	  -101.00
  223.00 	  -101.00
  224.00 	  -101.00
  225.00 	  -101.00
  226.00 	  -101.00
  227.00 	  -101.00
  228.00 	  -101.00
  229.00 	  -101.00
  230.00 	  -101.00
  231.00 	  -101.00
  232.00 	  -101.00
  233.00 	  -101.00
  234.00 	  -101.00
  234.00 	  -101.00
  235.00 	  -101.00
  236.00 	  -101.00
  237.00 	  -101.00
  238.00 	  -101.00
  239.00 	  -101.00
  240.00 	  -101.00
  241.00 	  -101.00
  242.00 	  -101.00
  243.00 	  -101.00
  244.00 	  -101.00
  245.00 	  -101.00
  246.00 	  -101.00
  247.00 	  -101.00
  248.00 	  -101.00
  249.00 	  -101.00
  250.00 	  -101.00
  251.00 	  -101.00
  252.00 	  -101.00
  253.00 	  -101.00
  253.00 	  -101.00
  254.00 	  -101.00
  255.00 	  -101.00
  256.00 	  -101.00
  257.00 	  -101.00
  258.00 	  -101.00
  259.00 	  -101.00
  260.00 	  -101.00
  261.00 	  -101.00
  262.00 	  -101.00
  263.00 	  -101.00
  264.00 	  -100.00
  265.00 	  -100.00
  266.00 	  -100.00
  267.00 	  -100.00
  268.00 	  -100.00
  269.00 	  -100.00
  270.00 	  -100.00
  271.00 	  -100.00
  272.00 	  -100.00
  273.00 	  -100.00
  274.00 	  -100.00
  275.00 	  -100.00
  276.00 	  -100.00
  276.00 	  -100.00
  277.00 	  -100.00
  278.00 	  -100.00
  279.00 	  -100.00
  280.00 	  -100.00
  281.00 	  -100.00
  282.00 	  -100.00
  283.00 	  -100.00
  284.00 	  -100.00
  285.00 	  -100.00
  286.00 	  -100.00
  287.00 	  -100.00
  288.00 	  -100.00
  289.00 	  -100.00
  290.00 	  -100.00
  291.00 	  -100.00
  292.00 	  -100.00
  293.00 	  -100.00
  294.00 	  -100.00
  295.00 	  -100.00
  296.00 	  -100.00
  297.00 	  -100.00
  298.00 	  -100.00
  299.00 	  -100.00
  300.00 	  -100.00
  301.00 	  -100.00
  302.00 	  -100.00
  303.00 	  -100.00
  304.00 	  -100.00
  305.00 	  -100.00
  306.00 	  -100.00
  307.00 	  -100.00
  308.00 	  -100.00
  309.00 	  -100.00
  310.00 	  -100.00
  311.00 	  -100.00
  312.00 	  -100.00
  313.00 	  -100.00
  314.00 	  -100.00
  315.00 	  -100.00
  316.00 	  -100.00
  317.00 	  -100.00
  318.00 	  -100.00
  319.00 	  -100.00
  320.00 	  -100.00
  321.00 	  -100.00
  322.00 	  -100.00
  323.00 	  -100.00
  324.00 	  -100.00
  325.00 	  -100.00
  326.00 	  -100.00
  327.00 	  -100.00
  328.00 	  -100.00
  329.00 	  -100.00
  330.00 	  -100.00
  331.00 	  -100.00
  332.00 	  -100.00
  333.00 	  -100.00
  334.00 	  -100.00
  335.00 	  -100.00
  336.00 	  -100.00
  337.00 	  -100.00
  338.00 	  -100.00
  339.00 	  -100.00
  340.00 	  -100.00
  341.00 	  -100.00
  342.00 	  -100.00
  343.00 	  -100.00
  344.00 	  -100.00
  345.00 	  -100.00
  346.00 	  -100.00
  347.00 	  -100.00
  348.00 	  -100.00
  349.00 	  -100.00
  350.00 	  -100.00
  351.00 	  -100.00
  352.00 	  -100.00
  353.00 	  -100.00
  354.00 	  -100.00
  355.00 	  -100.00
  356.00 	  -100.00
  357.00 	  -100.00
  358.00 	  -100.00
  359.00 	  -100.00
  360.00 	  -100.00
  362.00 	  -100.00
  363.00 	  -100.00
  364.00 	  -100.00
  365.00 	  -100.00
  366.00 	  -100.00
  367.00 	  -100.00
  368.00 	  -100.00
  369.00 	  -100.00
  370.00 	  -100.00
  371.00 	  -100.00
  372.00 	  -100.00
  373.00 	  -100.00
  374.00 	  -100.00
  375.00 	  -100.00
  376.00 	  -100.00
  378.00 	  -100.00
  379.00 	  -100.00
  380.00 	  -100.00
  381.00 	  -100.00
  382.00 	  -100.00
  383.00 	  -100.00
  384.00 	  -100.00
  385.00 	  -100.00
  386.00 	  -100.00
  387.00 	  -100.00
  388.00 	  -100.00
  389.00 	   -99.00
  390.00 	   -99.00
  391.00 	   -99.00
  392.00 	   -99.00
  393.00 	   -99.00
  394.00 	   -99.00
  395.00 	   -99.00
  396.00 	   -99.00
  397.00 	   -99.00
  398.00 	   -99.00
  399.00 	   -99.00
  400.00 	   -99.00
  401.00 	   -99.00
  402.00 	   -99.00
  403.00 	   -99.00
  404.00 	   -99.00
  405.00 	   -99.00
  406.00 	   -99.00
  407.00 	   -99.00
  408.00 	  -100.00
  409.00 	  -100.00
  410.00 	  -100.00
  411.00 	  -100.00
  412.00 	  -100.00
  413.00 	  -100.00
  414.00 	  -100.00
  415.00 	  -100.00
  416.00 	  -100.00
  417.00 	  -100.00
  418.00 	  -100.00
  419.00 	  -100.00
  420.00 	  -100.00
  421.00 	  -100.00
  422.00 	  -100.00
  423.00 	  -100.00
  424.00 	  -100.00
  425.00 	  -100.00
  426.00 	  -100.00
  427.00 	  -100.00
  428.00 	  -100.00
  429.00 	  -100.00
  430.00 	  -100.00
  431.00 	  -100.00
  432.00 	  -100.00
  433.00 	  -100.00
  434.00 	  -100.00
  435.00 	  -100.00
  436.00 	  -100.00
  437.00 	  -100.00
  438.00 	  -100.00
  439.00 	  -100.00
  440.00 	  -100.00
  441.00 	  -100.00
  442.00 	  -100.00
  443.00 	  -100.00
  444.00 	  -100.00
  445.00 	  -100.00
  446.00 	  -100.00
  447.00 	  -100.00
  448.00 	  -100.00
  449.00 	  -100.00
  450.00 	  -100.00
  451.00 	  -100.00
  452.00 	  -100.00
  453.00 	  -100.00
  454.00 	  -100.00
  455.00 	  -100.00
  456.00 	  -100.00
  457.00 	  -100.00
  458.00 	  -100.00
  459.00 	  -100.00
  460.00 	  -100.00
  461.00 	  -100.00
  462.00 	  -100.00
  463.00 	  -100.00
  464.00 	  -100.00
  465.00 	  -100.00
  466.00 	  -100.00
  467.00 	  -100.00
  468.00 	  -100.00
  469.00 	  -100.00
  470.00 	  -100.00
  471.00 	  -100.00
  472.00 	  -100.00
  473.00 	  -100.00
  474.00 	  -100.00
  475.00 	  -100.00
  476.00 	  -100.00
  478.00 	  -100.00
  479.00 	  -100.00
  480.00 	  -100.00
  481.00 	  -100.00
  482.00 	  -100.00
  483.00 	  -100.00
  484.00 	  -100.00
  485.00 	  -100.00
  486.00 	  -100.00
  487.00 	  -100.00
  488.00 	  -100.00
  489.00 	  -100.00
  490.00 	  -100.00
  491.00 	  -100.00
  492.00 	  -100.00
  493.00 	  -100.00
  494.00 	  -100.00
  495.00 	  -100.00
  496.00 	  -100.00
  497.00 	  -100.00
  498.00 	  -100.00
  499.00 	  -100.00
  500.00 	  -100.00
  501.00 	  -100.00
  502.00 	  -100.00
  503.00 	  -100.00
  504.00 	  -100.00
  505.00 	  -100.00
  506.00 	  -100.00
  507.00 	  -100.00
  508.00 	  -100.00
  509.00 	  -100.00
  510.00 	  -100.00
  511.00 	  -100.00
  512.00 	  -100.00
  513.00 	  -100.00
  514.00 	  -100.00
  515.00 	  -100.00
  516.00 	  -100.00
  517.00 	  -100.00
  518.00 	  -100.00
  519.00 	  -100.00
  520.00 	  -100.00
  521.00 	  -100.00
  522.00 	  -100.00
  523.00 	  -100.00
  524.00 	  -100.00
  525.00 	  -100.00
  526.00 	  -100.00
  527.00 	  -100.00
  528.00 	  -100.00
  529.00 	  -100.00
  530.00 	  -100.00
  531.00 	  -100.00
  532.00 	  -100.00
  533.00 	  -100.00
  534.00 	  -100.00
  535.00 	  -100.00
  536.00 	  -100.00
  537.00 	  -100.00
  538.00 	  -100.00
  539.00 	  -100.00
  540.00 	  -100.00
  541.00 	  -100.00
  542.00 	  -100.00
  543.00 	  -100.00
  544.00 	  -100.00
  545.00 	  -100.00
  546.00 	  -100.00
  547.00 	  -100.00
  548.00 	  -100.00
  549.00 	  -100.00
  550.00 	  -100.00
  551.00 	  -100.00
  552.00 	  -100.00
  553.00 	  -100.00
  553.00 	  -100.00
  554.00 	  -100.00
  555.00 	  -100.00
  556.00 	  -100.00
  557.00 	  -100.00
  558.00 	  -100.00
  559.00 	  -100.00
  560.00 	  -100.00
  561.00 	  -100.00
  562.00 	  -100.00
  563.00 	  -100.00
  564.00 	  -100.00
  565.00 	  -100.00
  566.00 	   -99.00
  567.00 	   -99.00
  569.00 	   -99.00
  570.00 	   -99.00
  571.00 	   -99.00
  572.00 	   -99.00
  573.00 	   -99.00
  575.00 	   -99.00
  576.00 	   -99.00
  577.00 	   -99.00
  578.00 	   -99.00
  579.00 	   -99.00
  580.00 	   -99.00
  582.00 	   -99.00
  583.00 	   -99.00
  584.00 	   -99.00
  585.00 	   -99.00
  586.00 	   -99.00
  588.00 	   -99.00
  589.00 	   -99.00
  590.00 	   -99.00
  591.00 	   -99.00
  592.00 	   -99.00
  593.00 	   -99.00
  594.00 	   -99.00
  596.00 	   -99.00
  597.00 	   -99.00
  598.00 	   -99.00
  599.00 	   -99.00
  600.00 	   -99.00
  601.00 	   -99.00
  602.00 	   -99.00
  604.00 	   -99.00
  605.00 	   -99.00
  606.00 	   -99.00
  607.00 	   -99.00
  608.00 	   -99.00
  609.00 	   -99.00
  610.00 	   -99.00
  611.00 	   -99.00
  612.00 	   -99.00
  614.00 	   -99.00
  615.00 	   -99.00
  616.00 	   -99.00
  617.00 	   -99.00
  618.00 	   -99.00
  619.00 	   -99.00
  620.00 	   -99.00
  621.00 	   -99.00
  622.00 	   -99.00
  623.00 	   -99.00
  624.00 	   -99.00
  625.00 	   -99.00
  626.00 	   -99.00
  627.00 	   -98.00
  629.00 	   -98.00
  630.00 	   -98.00
  631.00 	   -98.00
  632.00 	   -98.00
  633.00 	   -98.00
  634.00 	   -98.00
  635.00 	   -98.00
  636.00 	   -98.00
  637.00 	   -98.00
  638.00 	   -98.00
  639.00 	   -98.00
  640.00 	   -98.00
  641.00 	   -98.00
  642.00 	   -98.00
  643.00 	   -98.00
  644.00 	   -98.00
  645.00 	   -98.00
  646.00 	   -98.00
  647.00 	   -98.00
  648.00 	   -98.00
  649.00 	   -98.00
  650.00 	   -98.00
  651.00 	   -98.00
  652.00 	   -98.00
  653.00 	   -98.00
  654.00 	   -98.00
  655.00 	   -98.00
  656.00 	   -98.00
  657.00 	   -98.00
  658.00 	   -98.00
  659.00 	   -98.00
  659.00 	   -98.00
  660.00 	   -98.00
  661.00 	   -98.00
  662.00 	   -98.00
  663.00 	   -98.00
  664.00 	   -98.00
  665.00 	   -98.00
  666.00 	   -98.00
  667.00 	   -98.00
  668.00 	   -98.00
  669.00 	   -98.00
  670.00 	   -97.00
  671.00 	   -97.00
  671.00 	   -97.00
  672.00 	   -97.00
  673.00 	   -97.00
  674.00 	   -97.00
  675.00 	   -97.00
  676.00 	   -97.00
  677.00 	   -97.00
  678.00 	   -97.00
  679.00 	   -97.00
  679.00 	   -97.00
  680.00 	   -97.00
  681.00 	   -97.00
  682.00 	   -97.00
  683.00 	   -97.00
  684.00 	   -97.00
  685.00 	   -97.00
  685.00 	   -97.00
  686.00 	   -97.00
  687.00 	   -97.00
  688.00 	   -97.00
  689.00 	   -97.00
  689.00 	   -97.00
  690.00 	   -97.00
  691.00 	   -97.00
  692.00 	   -97.00
  693.00 	   -97.00
  694.00 	   -97.00
  694.00 	   -97.00
  695.00 	   -97.00
  696.00 	   -97.00
  697.00 	   -97.00
  698.00 	   -97.00
  698.00 	   -97.00
  699.00 	   -97.00
  700.00 	   -97.00
  701.00 	   -97.00
  701.00 	   -97.00
  702.00 	   -97.00
  703.00 	   -97.00
  704.00 	   -97.00
  706.00 	   -97.00
  707.00 	   -97.00
  708.00 	   -97.00
  709.00 	   -97.00
  711.00 	   -97.00
  712.00 	   -97.00
  713.00 	   -97.00
  714.00 	   -97.00
  716.00 	   -97.00
  717.00 	   -97.00
  718.00 	   -97.00
  719.00 	   -97.00
  720.00 	   -97.00
  722.00 	   -97.00
  723.00 	   -97.00
  724.00 	   -97.00
  725.00 	   -97.00
  726.00 	   -97.00
  727.00 	   -97.00
  728.00 	   -97.00
  729.00 	   -97.00
  731.00 	   -97.00
  732.00 	   -97.00
  733.00 	   -97.00
  734.00 	   -97.00
  735.00 	   -97.00
  736.00 	   -97.00
  737.00 	   -97.00
  738.00 	   -97.00
  739.00 	   -97.00
  740.00 	   -97.00
  741.00 	   -97.00
  742.00 	   -97.00
  743.00 	   -97.00
  744.00 	   -97.00
  745.00 	   -97.00
  746.00 	   -97.00
  747.00 	   -97.00
  748.00 	   -97.00
  749.00 	   -97.00
  750.00 	   -97.00
  751.00 	   -97.00
  752.00 	   -97.00
  753.00 	   -97.00
  753.00 	   -97.00
  754.00 	   -97.00
  755.00 	   -97.00
  756.00 	   -97.00
  757.00 	   -97.00
  758.00 	   -97.00
  759.00 	   -97.00
  760.00 	   -97.00
  761.00 	   -97.00
  762.00 	   -97.00
  762.00 	   -97.00
  763.00 	   -97.00
  764.00 	   -97.00
  765.00 	   -97.00
  766.00 	   -97.00
  767.00 	   -97.00
  768.00 	   -97.00
  768.00 	   -97.00
  769.00 	   -97.00
  770.00 	   -97.00
  771.00 	   -97.00
  772.00 	   -97.00
  773.00 	   -97.00
  773.00 	   -97.00
  774.00 	   -97.00
  775.00 	   -97.00
  776.00 	   -97.00
  777.00 	   -97.00
  777.00 	   -97.00
  778.00 	   -97.00
  779.00 	   -97.00
  780.00 	   -97.00
  781.00 	   -97.00
  782.00 	   -97.00
  782.00 	   -97.00
  783.00 	   -97.00
  784.00 	   -97.00
  785.00 	   -97.00
  786.00 	   -97.00
  787.00 	   -97.00
  788.00 	   -97.00
  789.00 	   -97.00
  789.00 	   -97.00
  790.00 	   -97.00
  791.00 	   -97.00
  792.00 	   -97.00
  793.00 	   -97.00
  794.00 	   -97.00
  795.00 	   -97.00
  796.00 	   -97.00
  796.00 	   -97.00
  797.00 	   -97.00
  798.00 	   -97.00
  799.00 	   -97.00
  800.00 	   -97.00
  801.00 	   -97.00
  802.00 	   -97.00
  803.00 	   -97.00
  804.00 	   -97.00
  804.00 	   -97.00
  805.00 	   -97.00
  806.00 	   -97.00
  807.00 	   -97.00
  808.00 	   -96.00
  809.00 	   -96.00
  810.00 	   -96.00
  811.00 	   -96.00
  812.00 	   -96.00
  813.00 	   -96.00
  814.00 	   -96.00
  815.00 	   -96.00
  816.00 	   -96.00
  817.00 	   -96.00
  818.00 	   -96.00
  819.00 	   -96.00
  820.00 	   -96.00
  821.00 	   -96.00
  822.00 	   -96.00
  823.00 	   -96.00
  824.00 	   -96.00
  825.00 	   -96.00
  826.00 	   -96.00
  827.00 	   -96.00
  828.00 	   -96.00
  829.00 	   -96.00
  830.00 	   -96.00
  831.00 	   -96.00
  832.00 	   -95.00
  833.00 	   -95.00
  834.00 	   -95.00
  835.00 	   -95.00
  836.00 	   -95.00
  838.00 	   -95.00
  839.00 	   -95.00
  840.00 	   -95.00
  841.00 	   -95.00
  842.00 	   -95.00
  843.00 	   -95.00
  845.00 	   -95.00
  846.00 	   -95.00
  847.00 	   -95.00
  848.00 	   -94.00
  849.00 	   -94.00
  851.00 	   -94.00
  852.00 	   -94.00
  853.00 	   -94.00
  855.00 	   -94.00
  856.00 	   -94.00
  858.00 	   -94.00
  859.00 	   -94.00
  861.00 	   -94.00
  862.00 	   -94.00
  863.00 	   -93.00
  865.00 	   -93.00
  866.00 	   -93.00
  868.00 	   -93.00
  869.00 	   -93.00
  870.00 	   -93.00
  871.00 	   -93.00
  873.00 	   -93.00
  874.00 	   -93.00
  875.00 	   -93.00
  876.00 	   -93.00
  878.00 	   -93.00
  879.00 	   -93.00
  880.00 	   -93.00
  881.00 	   -93.00
  882.00 	   -93.00
  883.00 	   -93.00
  885.00 	   -93.00
  886.00 	   -93.00
  887.00 	   -93.00
  888.00 	   -93.00
  889.00 	   -93.00
  890.00 	   -93.00
  891.00 	   -93.00
  892.00 	   -93.00
  893.00 	   -93.00
  894.00 	   -93.00
  895.00 	   -93.00
  896.00 	   -92.00
  897.00 	   -92.00
  898.00 	   -92.00
  899.00 	   -92.00
  900.00 	   -92.00
  901.00 	   -92.00
  902.00 	   -92.00
  903.00 	   -92.00
  904.00 	   -92.00
  904.00 	   -92.00
  905.00 	   -92.00
  906.00 	   -92.00
  907.00 	   -92.00
  908.00 	   -92.00
  909.00 	   -92.00
  910.00 	   -92.00
  910.00 	   -92.00
  911.00 	   -92.00
  912.00 	   -92.00
  913.00 	   -92.00
  913.00 	   -92.00
  914.00 	   -92.00
  915.00 	   -92.00
  916.00 	   -92.00
  916.00 	   -92.00
  917.00 	   -92.00
  918.00 	   -92.00
  918.00 	   -92.00
  919.00 	   -92.00
  920.00 	   -92.00
  921.00 	   -92.00
  921.00 	   -92.00
  922.00 	   -92.00
  922.00 	   -93.00
  923.00 	   -93.00
  924.00 	   -93.00
  924.00 	   -93.00
  925.00 	   -93.00
  926.00 	   -93.00
  926.00 	   -93.00
  928.00 	   -93.00
  929.00 	   -93.00
  930.00 	   -93.00
  931.00 	   -93.00
  933.00 	   -93.00
  934.00 	   -93.00
  935.00 	   -93.00
  936.00 	   -93.00
  937.00 	   -93.00
  938.00 	   -93.00
  939.00 	   -93.00
  940.00 	   -93.00
  941.00 	   -93.00
  942.00 	   -93.00
  943.00 	   -93.00
  944.00 	   -93.00
  945.00 	   -93.00
  946.00 	   -93.00
  947.00 	   -93.00
  948.00 	   -93.00
  949.00 	   -93.00
  949.00 	   -93.00
  950.00 	   -93.00
  951.00 	   -93.00
  952.00 	   -93.00
  953.00 	   -93.00
  954.00 	   -93.00
  954.00 	   -93.00
  955.00 	   -93.00
  956.00 	   -93.00
  957.00 	   -93.00
  958.00 	   -93.00
  959.00 	   -93.00
  960.00 	   -93.00
  961.00 	   -93.00
  962.00 	   -93.00
  963.00 	   -93.00
  963.00 	   -93.00
  964.00 	   -93.00
  965.00 	   -93.00
  966.00 	   -93.00
  967.00 	   -93.00
  968.00 	   -93.00
  969.00 	   -93.00
  970.00 	   -92.00
  971.00 	   -92.00
  972.00 	   -92.00
  973.00 	   -92.00
  974.00 	   -92.00
  975.00 	   -92.00
  976.00 	   -92.00
  977.00 	   -92.00
  978.00 	   -92.00
  979.00 	   -91.00
  980.00 	   -91.00
  981.00 	   -91.00
  982.00 	   -91.00
  983.00 	   -91.00
  984.00 	   -91.00
  985.00 	   -91.00
  986.00 	   -91.00
  987.00 	   -91.00
  988.00 	   -90.00
  989.00 	   -90.00
  991.00 	   -90.00
  992.00 	   -90.00
  993.00 	   -90.00
  994.00 	   -90.00
  995.00 	   -90.00
  996.00 	   -90.00
  997.00 	   -89.00
  998.00 	   -89.00
  999.00 	   -89.00
 1000.00 	   -89.00
 1001.00 	   -89.00
 1002.00 	   -89.00
 1003.00 	   -89.00
 1004.00 	   -89.00
 1005.00 	   -89.00
 1006.00 	   -89.00
 1006.00 	   -89.00
 1007.00 	   -90.00
 1009.00 	   -90.00
 1010.00 	   -90.00
 1012.00 	   -90.00
 1013.00 	   -90.00
 1015.00 	   -90.00
 1016.00 	   -90.00
 1018.00 	   -90.00
 1019.00 	   -90.00
 1021.00 	   -90.00
 1022.00 	   -90.00
 1024.00 	   -90.00
 1025.00 	   -90.00
 1026.00 	   -90.00
 1028.00 	   -90.00
 1029.00 	   -90.00
 1030.00 	   -90.00
 1032.00 	   -90.00
 1033.00 	   -90.00
 1034.00 	   -90.00
 1035.00 	   -90.00
 1037.00 	   -90.00
 1038.00 	   -89.00
 1039.00 	   -89.00
 1040.00 	   -89.00
 1041.00 	   -89.00
 1042.00 	   -89.00
 1043.00 	   -89.00
 1045.00 	   -89.00
 1046.00 	   -89.00
 1047.00 	   -89.00
 1048.00 	   -89.00
 1049.00 	   -89.00
 1050.00 	   -89.00
 1051.00 	   -89.00
 1052.00 	   -89.00
 1053.00 	   -89.00
 1054.00 	   -89.00
 1054.00 	   -89.00
 1055.00 	   -89.00
 1056.00 	   -89.00
 1057.00 	   -89.00
 1058.00 	   -89.00
 1059.00 	   -89.00
 1060.00 	   -89.00
 1060.00 	   -89.00
 1061.00 	   -89.00
 1062.00 	   -89.00
 1063.00 	   -89.00
 1063.00 	   -89.00
 1064.00 	   -89.00
 1065.00 	   -89.00
 1066.00 	   -89.00
 1066.00 	   -89.00
 1067.00 	   -89.00
 1068.00 	   -89.00
 1068.00 	   -89.00
 1069.00 	   -89.00
 1070.00 	   -89.00
 1070.00 	   -89.00
 1071.00 	   -89.00
 1072.00 	   -89.00
 1072.00 	   -88.00
 1073.00 	   -88.00
 1073.00 	   -88.00
 1074.00 	   -88.00
 1074.00 	   -88.00
 1075.00 	   -88.00
 1075.00 	   -88.00
 1076.00 	   -88.00
 1076.00 	   -88.00
 1077.00 	   -88.00
 1078.00 	   -88.00
 1080.00 	   -88.00
 1081.00 	   -88.00
 1082.00 	   -88.00
 1083.00 	   -88.00
 1084.00 	   -88.00
 1085.00 	   -88.00
 1086.00 	   -88.00
 1087.00 	   -88.00
 1088.00 	   -88.00
 1089.00 	   -88.00
 1090.00 	   -88.00
 1091.00 	   -87.00
 1092.00 	   -87.00
 1092.00 	   -87.00
 1093.00 	   -87.00
 1094.00 	   -87.00
 1095.00 	   -87.00
 1096.00 	   -87.00
 1097.00 	   -87.00
 1097.00 	   -87.00
 1098.00 	   -87.00
 1099.00 	   -87.00
 1100.00 	   -87.00
 1101.00 	   -87.00
 1102.00 	   -87.00
 1103.00 	   -87.00
 1104.00 	   -87.00
 1104.00 	   -87.00
 1105.00 	   -87.00
 1106.00 	   -87.00
 1107.00 	   -87.00
 1108.00 	   -87.00
 1109.00 	   -87.00
 1110.00 	   -87.00
 1111.00 	   -87.00
 1112.00 	   -87.00
 1113.00 	   -87.00
 1114.00 	   -87.00
 1115.00 	   -87.00
 1116.00 	   -87.00
 1117.00 	   -87.00
 1118.00 	   -87.00
 1119.00 	   -87.00
 1120.00 	   -87.00
 1121.00 	   -87.00
 1123.00 	   -87.00
 1124.00 	   -87.00
 1125.00 	   -87.00
 1126.00 	   -87.00
 1127.00 	   -87.00
 1128.00 	   -87.00
 1129.00 	   -87.00
 1130.00 	   -87.00
 1131.00 	   -87.00
 1132.00 	   -87.00
 1133.00 	   -88.00
 1134.00 	   -88.00
 1135.00 	   -88.00
 1136.00 	   -88.00
 1137.00 	   -88.00
 1137.00 	   -88.00
 1138.00 	   -88.00
 1139.00 	   -88.00
 1140.00 	   -88.00
 1141.00 	   -88.00
 1142.00 	   -88.00
 1143.00 	   -88.00
 1144.00 	   -88.00
 1145.00 	   -88.00
 1146.00 	   -88.00
 1146.00 	   -88.00
 1147.00 	   -88.00
 1148.00 	   -88.00
 1149.00 	   -88.00
 1150.00 	   -88.00
 1151.00 	   -88.00
 1152.00 	   -88.00
 1153.00 	   -88.00
 1154.00 	   -88.00
 1155.00 	   -88.00
 1156.00 	   -88.00
 1157.00 	   -88.00
 1158.00 	   -88.00
 1160.00 	   -88.00
 1161.00 	   -88.00
 1162.00 	   -88.00
 1163.00 	   -88.00
 1164.00 	   -88.00
 1165.00 	   -88.00
 1166.00 	   -88.00
 1167.00 	   -88.00
 1168.00 	   -88.00
 1169.00 	   -88.00
 1170.00 	   -88.00
 1172.00 	   -88.00
 1173.00 	   -88.00
 1174.00 	   -88.00
 1175.00 	   -88.00
 1176.00 	   -87.00
 1177.00 	   -87.00
 1178.00 	   -87.00
 1179.00 	   -87.00
 1180.00 	   -87.00
 1181.00 	   -87.00
 1182.00 	   -87.00
 1184.00 	   -87.00
 1185.00 	   -87.00
 1186.00 	   -87.00
 1187.00 	   -87.00
 1188.00 	   -87.00
 1189.00 	   -87.00
 1190.00 	   -87.00
 1191.00 	   -86.00
 1192.00 	   -86.00
 1193.00 	   -86.00
 1194.00 	   -86.00
 1195.00 	   -86.00
 1196.00 	   -86.00
 1197.00 	   -86.00
 1198.00 	   -86.00
 1198.00 	   -86.00
 1199.00 	   -85.00
 1200.00 	   -85.00
 1201.00 	   -85.00
 1202.00 	   -85.00
 1202.00 	   -85.00
 1203.00 	   -85.00
 1204.00 	   -84.00
 1204.00 	   -84.00
 1206.00 	   -84.00
 1208.00 	   -83.00
 1209.00 	   -82.00
 1210.00 	   -81.00
 1210.00 	   -80.00
 1210.00 	   -80.00
 1211.00 	   -79.00
 1210.00 	   -78.00
 1210.00 	   -77.00
 1210.00 	   -76.00
 1210.00 	   -75.00
 1210.00 	   -74.00
 1210.00 	   -73.00
 1210.00 	   -72.00
 1211.00 	   -71.00
 1211.00 	   -71.00
 1211.00 	   -70.00
 1212.00 	   -69.00
 1212.00 	   -68.00
 1212.00 	   -67.00
 1213.00 	   -66.00
 1213.00 	   -66.00
 1214.00 	   -65.00
 1214.00 	   -64.00
 1215.00 	   -63.00
 1215.00 	   -62.00
 1216.00 	   -61.00
 1216.00 	   -60.00
 1217.00 	   -59.00
 1217.00 	   -59.00
 1217.00 	   -58.00
 1218.00 	   -57.00
 1219.00 	   -56.00
 1219.00 	   -55.00
 1220.00 	   -55.00
 1220.00 	   -54.00
 1221.00 	   -53.00
 1221.00 	   -52.00
 1222.00 	   -51.00
 1222.00 	   -50.00
 1222.00 	   -50.00
 1223.00 	   -49.00
 1223.00 	   -48.00
 1224.00 	   -47.00
 1224.00 	   -46.00
 1224.00 	   -45.00
 1225.00 	   -44.00
 1225.00 	   -43.00
 1225.00 	   -42.00
 1225.00 	   -42.00
 1226.00 	   -41.00
 1226.00 	   -40.00
 1226.00 	   -39.00
 1226.00 	   -38.00
 1227.00 	   -37.00
 1227.00 	   -36.00
 1227.00 	   -35.00
 1228.00 	   -34.00
 1228.00 	   -33.00
 1228.00 	   -32.00
 1229.00 	   -31.00
 1229.00 	   -30.00
 1230.00 	   -30.00
 1230.00 	   -29.00
 1230.00 	   -28.00
 1231.00 	   -27.00
 1231.00 	   -26.00
 1232.00 	   -26.00
 1232.00 	   -25.00
 1233.00 	   -24.00
 1233.00 	   -23.00
 1233.00 	   -22.00
 1234.00 	   -22.00
 1234.00 	   -21.00
 1234.00 	   -20.00
 1234.00 	   -19.00
 1234.00 	   -18.00
 1235.00 	   -17.00
 1235.00 	   -16.00
 1235.00 	   -15.00
 1235.00 	   -14.00
 1235.00 	   -13.00
 1236.00 	   -12.00
 1236.00 	   -11.00
 1236.00 	   -10.00
 1236.00 	   -10.00
 1237.00 	    -9.00
 1237.00 	    -8.00
 1237.00 	    -7.00
 1238.00 	    -7.00
 1238.00 	    -6.00
 1238.00 	    -5.00
 1239.00 	    -4.00
 1239.00 	    -3.00
 1240.00 	    -3.00
 1240.00 	    -2.00
 1240.00 	    -1.00
 1241.00 	     0.00
 1241.00 	     1.00
 1241.00 	     2.00
 1242.00 	     3.00
 1242.00 	     5.00
 1242.00 	     5.00
 1243.00 	     6.00
 1243.00 	     7.00
 1243.00 	     8.00
 1243.00 	     9.00
 1243.00 	    10.00
 1244.00 	    11.00
 1244.00 	    12.00
 1244.00 	    13.00
 1244.00 	    14.00
 1244.00 	    15.00
 1244.00 	    16.00
 1245.00 	    17.00
 1245.00 	    18.00
 1245.00 	    19.00
 1245.00 	    20.00
 1245.00 	    21.00
 1245.00 	    22.00
 1246.00 	    23.00
 1246.00 	    24.00
 1246.00 	    25.00
 1246.00 	    26.00
 1246.00 	    27.00
 1247.00 	    28.00
 1247.00 	    29.00
 1247.00 	    29.00
 1247.00 	    30.00
 1248.00 	    31.00
 1248.00 	    32.00
 1248.00 	    33.00
 1248.00 	    34.00
 1249.00 	    34.00
 1249.00 	    35.00
 1249.00 	    36.00
 1249.00 	    37.00
 1250.00 	    38.00
 1250.00 	    39.00
 1250.00 	    40.00
 1250.00 	    40.00
 1250.00 	    41.00
 1250.00 	    42.00
 1250.00 	    43.00
 1250.00 	    44.00
 1251.00 	    45.00
 1251.00 	    46.00
 1251.00 	    47.00
 1251.00 	    48.00
 1251.00 	    49.00
 1251.00 	    50.00
 1251.00 	    51.00
 1252.00 	    52.00
 1252.00 	    53.00
 1252.00 	    54.00
 1252.00 	    55.00
 1252.00 	    56.00
 1252.00 	    57.00
 1253.00 	    58.00
 1253.00 	    59.00
 1253.00 	    60.00
 1253.00 	    61.00
 1254.00 	    62.00
 1254.00 	    63.00
 1254.00 	    64.00
 1254.00 	    65.00
 1255.00 	    66.00
 1255.00 	    67.00
 1255.00 	    68.00
 1256.00 	    69.00
 1256.00 	    70.00
 1256.00 	    71.00
 1257.00 	    72.00
 1257.00 	    73.00
 1257.00 	    74.00
 1258.00 	    75.00
 1258.00 	    76.00
 1258.00 	    76.00
 1258.00 	    77.00
 1259.00 	    78.00
 1259.00 	    79.00
 1259.00 	    80.00
 1260.00 	    81.00
 1260.00 	    82.00
 1260.00 	    83.00
 1260.00 	    84.00
 1261.00 	    85.00
 1261.00 	    86.00
 1261.00 	    87.00
 1261.00 	    88.00
 1261.00 	    89.00
 1261.00 	    90.00
 1261.00 	    91.00
 1261.00 	    92.00
 1261.00 	    93.00
 1261.00 	    94.00
 1262.00 	    95.00
 1262.00 	    96.00
 1262.00 	    97.00
 1263.00 	    98.00
 1263.00 	    99.00
 1263.00 	   100.00
 1263.00 	   100.00
 1264.00 	   101.00
 1264.00 	   102.00
 1264.00 	   103.00
 1264.00 	   104.00
 1265.00 	   105.00
 1265.00 	   106.00
 1265.00 	   107.00
 1265.00 	   107.00
 1265.00 	   108.00
 1266.00 	   109.00
 1266.00 	   110.00
 1266.00 	   111.00
 1267.00 	   111.00
 1267.00 	   112.00
 1267.00 	   113.00
 1268.00 	   114.00
 1268.00 	   114.00
 1269.00 	   115.00
 1269.00 	   116.00
 1269.00 	   117.00
 1270.00 	   118.00
 1270.00 	   119.00
 1270.00 	   120.00
 1270.00 	   120.00
 1270.00 	   121.00
 1271.00 	   122.00
 1271.00 	   123.00
 1272.00 	   124.00
 1272.00 	   125.00
 1272.00 	   125.00
 1273.00 	   126.00
 1273.00 	   127.00
 1273.00 	   128.00
 1274.00 	   128.00
 1274.00 	   129.00
 1274.00 	   130.00
 1274.00 	   131.00
 1274.00 	   132.00
 1275.00 	   132.00
 1275.00 	   133.00
 1275.00 	   134.00
 1275.00 	   135.00
 1275.00 	   136.00
 1275.00 	   137.00
 1275.00 	   138.00
 1276.00 	   139.00
 1276.00 	   140.00
 1276.00 	   140.00
 1276.00 	   142.00
 1277.00 	   143.00
 1277.00 	   143.00
 1277.00 	   144.00
 1278.00 	   145.00
 1278.00 	   146.00
 1278.00 	   147.00
 1278.00 	   148.00
 1279.00 	   148.00
 1279.00 	   149.00
 1279.00 	   150.00
 1280.00 	   151.00
 1280.00 	   152.00
 1280.00 	   153.00
 1280.00 	   154.00
 1281.00 	   154.00
 1281.00 	   155.00
 1282.00 	   156.00
 1282.00 	   157.00
 1283.00 	   157.00
 1283.00 	   158.00
 1284.00 	   159.00
 1284.00 	   160.00
 1285.00 	   161.00
 1285.00 	   162.00
 1286.00 	   162.00
 1286.00 	   163.00
 1287.00 	   164.00
 1287.00 	   165.00
 1287.00 	   166.00
 1288.00 	   167.00
 1288.00 	   168.00
 1289.00 	   168.00
 1289.00 	   169.00
 1290.00 	   170.00
 1290.00 	   171.00
 1291.00 	   171.00
 1291.00 	   172.00
 1292.00 	   173.00
 1292.00 	   173.00
 1293.00 	   174.00
 1293.00 	   175.00
 1294.00 	   176.00
 1295.00 	   176.00
 1296.00 	   177.00
 1297.00 	   177.00
 1297.00 	   178.00
 1298.00 	   178.00
 1299.00 	   178.00
 1300.00 	   179.00
 1301.00 	   179.00
 1302.00 	   179.00
 1303.00 	   180.00
 1304.00 	   180.00
 1305.00 	   180.00
 1305.00 	   180.00
 1306.00 	   181.00
 1307.00 	   181.00
 1308.00 	   182.00
 1309.00 	   182.00
 1310.00 	   183.00
 1311.00 	   183.00
 1312.00 	   183.00
 1313.00 	   184.00
 1313.00 	   184.00
 1314.00 	   184.00
 1315.00 	   184.00
 1316.00 	   184.00
 1317.00 	   184.00
 1317.00 	   184.00
 1318.00 	   184.00
 1319.00 	   184.00
 1320.00 	   184.00
 1321.00 	   184.00
 1322.00 	   184.00
 1323.00 	   184.00
 1324.00 	   184.00
 1325.00 	   185.00
 1326.00 	   185.00
 1327.00 	   185.00
 1328.00 	   185.00
 1329.00 	   185.00
 1330.00 	   185.00
 1331.00 	   184.00
 1331.00 	   184.00
 1332.00 	   184.00
 1333.00 	   184.00
 1334.00 	   183.00
 1335.00 	   183.00
 1336.00 	   182.00
 1337.00 	   182.00
 1338.00 	   181.00
 1339.00 	   181.00
 1339.00 	   181.00
 1340.00 	   180.00
 1341.00 	   180.00
 1342.00 	   179.00
 1343.00 	   179.00
 1344.00 	   179.00
 1345.00 	   178.00
 1345.00 	   178.00
 1346.00 	   177.00
 1347.00 	   176.00
 1348.00 	   176.00
 1348.00 	   175.00
 1349.00 	   174.00
 1349.00 	   174.00
 1350.00 	   173.00
 1350.00 	   172.00
 1351.00 	   172.00
 1352.00 	   171.00
 1352.00 	   170.00
 1353.00 	   169.00
 1353.00 	   169.00
 1354.00 	   168.00
 1355.00 	   167.00
 1355.00 	   167.00
 1356.00 	   166.00
 1357.00 	   165.00
 1357.00 	   164.00
 1358.00 	   164.00
 1358.00 	   163.00
 1359.00 	   162.00
 1359.00 	   161.00
 1359.00 	   160.00
 1360.00 	   159.00
 1360.00 	   159.00
 1360.00 	   158.00
 1361.00 	   157.00
 1361.00 	   156.00
 1361.00 	   155.00
 1362.00 	   154.00
 1362.00 	   154.00
 1363.00 	   153.00
 1363.00 	   152.00
 1364.00 	   151.00
 1364.00 	   150.00
 1364.00 	   150.00
 1365.00 	   149.00
 1365.00 	   148.00
 1365.00 	   147.00
 1366.00 	   146.00
 1366.00 	   145.00
 1366.00 	   144.00
 1366.00 	   143.00
 1367.00 	   142.00
 1367.00 	   141.00
 1367.00 	   141.00
 1367.00 	   140.00
 1367.00 	   139.00
 1368.00 	   138.00
 1368.00 	   137.00
 1368.00 	   136.00
 1369.00 	   135.00
 1369.00 	   134.00
 1370.00 	   134.00
 1370.00 	   133.00
 1370.00 	   132.00
 1371.00 	   131.00
 1371.00 	   130.00
 1372.00 	   129.00
 1372.00 	   128.00
 1373.00 	   128.00
 1373.00 	   127.00
 1373.00 	   126.00
 1374.00 	   125.00
 1374.00 	   124.00
 1374.00 	   123.00
 1375.00 	   122.00
 1375.00 	   121.00
 1375.00 	   120.00
 1375.00 	   119.00
 1376.00 	   118.00
 1376.00 	   117.00
 1376.00 	   117.00
 1376.00 	   116.00
 1377.00 	   115.00
 1377.00 	   114.00
 1377.00 	   113.00
 1378.00 	   112.00
 1378.00 	   112.00
 1378.00 	   111.00
 1379.00 	   110.00
 1379.00 	   109.00
 1379.00 	   108.00
 1380.00 	   107.00
 1380.00 	   106.00
 1380.00 	   106.00
 1380.00 	   105.00
 1381.00 	   104.00
 1381.00 	   103.00
 1381.00 	   102.00
 1381.00 	   101.00
 1381.00 	   100.00
 1381.00 	    99.00
 1382.00 	    98.00
 1382.00 	    97.00
 1382.00 	    96.00
 1382.00 	    95.00
 1382.00 	    94.00
 1382.00 	    93.00
 1382.00 	    92.00
 1383.00 	    91.00
 1383.00 	    90.00
 1383.00 	    89.00
 1383.00 	    88.00
 1383.00 	    87.00
 1383.00 	    86.00
 1384.00 	    85.00
 1384.00 	    85.00
 1384.00 	    84.00
 1384.00 	    83.00
 1384.00 	    82.00
 1384.00 	    81.00
 1385.00 	    80.00
 1385.00 	    79.00
 1385.00 	    78.00
 1385.00 	    77.00
 1385.00 	    76.00
 1386.00 	    75.00
 1386.00 	    74.00
 1386.00 	    73.00
 1386.00 	    72.00
 1386.00 	    71.00
 1386.00 	    70.00
 1387.00 	    69.00
 1387.00 	    68.00
 1387.00 	    67.00
 1387.00 	    66.00
 1387.00 	    66.00
 1387.00 	    65.00
 1388.00 	    64.00
 1388.00 	    63.00
 1388.00 	    62.00
 1388.00 	    61.00
 1388.00 	    61.00
 1389.00 	    60.00
 1389.00 	    59.00
 1389.00 	    58.00
 1389.00 	    57.00
 1389.00 	    56.00
 1389.00 	    55.00
 1389.00 	    54.00
 1389.00 	    53.00
 1389.00 	    52.00
 1390.00 	    51.00
 1390.00 	    50.00
 1390.00 	    49.00
 1390.00 	    48.00
 1390.00 	    47.00
 1390.00 	    46.00
 1390.00 	    45.00
 1390.00 	    44.00
 1390.00 	    43.00
 1390.00 	    42.00
 1390.00 	    40.00
 1390.00 	    40.00
 1390.00 	    39.00
 1390.00 	    38.00
 1390.00 	    37.00
 1390.00 	    36.00
 1391.00 	    34.00
 1391.00 	    33.00
 1391.00 	    32.00
 1391.00 	    30.00
 1392.00 	    29.00
 1392.00 	    28.00
 1392.00 	    27.00
 1392.00 	    26.00
 1392.00 	    25.00
 1393.00 	    24.00
 1393.00 	    23.00
 1393.00 	    22.00
 1393.00 	    21.00
 1393.00 	    20.00
 1394.00 	    19.00
 1394.00 	    18.00
 1394.00 	    17.00
 1394.00 	    16.00
 1394.00 	    16.00
 1394.00 	    15.00
 1395.00 	    14.00
 1395.00 	    14.00
 1395.00 	    13.00
 1395.00 	    12.00
 1395.00 	    12.00
 1395.00 	    11.00
 1396.00 	    10.00
 1396.00 	     9.00
 1396.00 	     8.00
 1396.00 	     7.00
 1397.00 	     6.00
 1397.00 	     5.00
 1397.00 	     4.00
 1398.00 	     3.00
 1398.00 	     2.00
 1398.00 	     2.00
 1398.00 	     1.00
 1399.00 	     0.00
 1399.00 	    -1.00
 1399.00 	    -1.00
 1399.00 	    -2.00
 1399.00 	    -3.00
 1400.00 	    -4.00
 1400.00 	    -5.00
 1400.00 	    -6.00
 1400.00 	    -7.00
 1401.00 	    -8.00
 1401.00 	    -9.00
 1401.00 	   -10.00
 1401.00 	   -11.00
 1402.00 	   -12.00
 1402.00 	   -13.00
 1402.00 	   -14.00
 1402.00 	   -15.00
 1402.00 	   -15.00
 1403.00 	   -16.00
 1403.00 	   -17.00
 1403.00 	   -18.00
 1403.00 	   -19.00
 1403.00 	   -20.00
 1403.00 	   -21.00
 1404.00 	   -22.00
 1404.00 	   -23.00
 1404.00 	   -24.00
 1404.00 	   -25.00
 1404.00 	   -26.00
 1404.00 	   -27.00
 1405.00 	   -28.00
 1405.00 	   -28.00
 1405.00 	   -29.00
 1405.00 	   -30.00
 1406.00 	   -31.00
 1406.00 	   -32.00
 1406.00 	   -33.00
 1406.00 	   -33.00
 1407.00 	   -34.00
 1407.00 	   -35.00
 1407.00 	   -36.00
 1408.00 	   -37.00
 1408.00 	   -38.00
 1408.00 	   -39.00
 1409.00 	   -41.00
 1409.00 	   -41.00
 1409.00 	   -42.00
 1410.00 	   -43.00
 1410.00 	   -44.00
 1410.00 	   -45.00
 1410.00 	   -46.00
 1411.00 	   -47.00
 1411.00 	   -48.00
 1411.00 	   -49.00
 1412.00 	   -50.00
 1412.00 	   -50.00
 1412.00 	   -51.00
 1412.00 	   -52.00
 1413.00 	   -53.00
 1413.00 	   -54.00
 1413.00 	   -55.00
 1413.00 	   -56.00
 1414.00 	   -57.00
 1414.00 	   -58.00
 1414.00 	   -59.00
 1414.00 	   -60.00
 1415.00 	   -61.00
 1415.00 	   -62.00
 1415.00 	   -63.00
 1415.00 	   -64.00
 1416.00 	   -66.00
 1416.00 	   -67.00
 1416.00 	   -68.00
 1416.00 	   -69.00
 1417.00 	   -70.00
 1417.00 	   -71.00
 1417.00 	   -72.00
 1417.00 	   -73.00
 1417.00 	   -74.00
 1418.00 	   -75.00
 1418.00 	   -76.00
 1418.00 	   -76.00
 1419.00 	   -77.00
 1419.00 	   -78.00
 1419.00 	   -78.00
 1420.00 	   -79.00
 1421.00 	   -79.00
 1422.00 	   -80.00
 1423.00 	   -80.00
 1424.00 	   -80.00
 1425.00 	   -81.00
 1425.00 	   -81.00
 1426.00 	   -81.00
 1427.00 	   -81.00
 1428.00 	   -81.00
 1429.00 	   -82.00
 1430.00 	   -82.00
 1431.00 	   -82.00
 1431.00 	   -82.00
 1432.00 	   -82.00
 1433.00 	   -83.00
 1433.00 	   -83.00
 1434.00 	   -83.00
 1435.00 	   -83.00
 1436.00 	   -83.00
 1437.00 	   -83.00
 1438.00 	   -84.00
 1439.00 	   -84.00
 1441.00 	   -84.00
 1442.00 	   -84.00
 1444.00 	   -84.00
 1445.00 	   -84.00
 1446.00 	   -84.00
 1446.00 	   -84.00
 1447.00 	   -84.00
 1448.00 	   -84.00
 1449.00 	   -84.00
 1450.00 	   -84.00
 1451.00 	   -84.00
 1452.00 	   -84.00
 1453.00 	   -84.00
 1454.00 	   -84.00
 1455.00 	   -84.00
 1456.00 	   -84.00
 1457.00 	   -84.00
 1458.00 	   -84.00
 1459.00 	   -84.00
 1461.00 	   -84.00
 1462.00 	   -84.00
 1463.00 	   -84.00
 1464.00 	   -84.00
 1465.00 	   -84.00
 1466.00 	   -84.00
 1467.00 	   -84.00
 1468.00 	   -84.00
 1469.00 	   -84.00
 1470.00 	   -84.00
 1471.00 	   -84.00
 1472.00 	   -84.00
 1473.00 	   -84.00
 1474.00 	   -84.00
 1475.00 	   -84.00
 1475.00 	   -84.00
 1476.00 	   -84.00
 1477.00 	   -84.00
 1478.00 	   -84.00
 1479.00 	   -84.00
 1480.00 	   -84.00
 1481.00 	   -84.00
 1482.00 	   -83.00
 1483.00 	   -83.00
 1484.00 	   -83.00
 1484.00 	   -83.00
 1485.00 	   -83.00
 1486.00 	   -83.00
 1487.00 	   -83.00
 1488.00 	   -83.00
 1488.00 	   -83.00
 1489.00 	   -83.00
 1490.00 	   -83.00
 1491.00 	   -83.00
 1492.00 	   -83.00
 1493.00 	   -83.00
 1494.00 	   -83.00
 1495.00 	   -83.00
 1497.00 	   -83.00
 1498.00 	   -83.00
 1499.00 	   -83.00
 1501.00 	   -83.00
 1502.00 	   -83.00
 1502.00 	   -83.00
 1503.00 	   -83.00
 1504.00 	   -83.00
 1505.00 	   -83.00
 1506.00 	   -83.00
 1506.00 	   -83.00
 1507.00 	   -83.00
 1508.00 	   -83.00
 1509.00 	   -83.00
 1510.00 	   -83.00
 1511.00 	   -82.00
 1512.00 	   -82.00
 1513.00 	   -82.00
 1514.00 	   -82.00
 1515.00 	   -82.00
 1516.00 	   -82.00
 1517.00 	   -82.00
 1518.00 	   -82.00
 1519.00 	   -82.00
 1520.00 	   -82.00
 1521.00 	   -82.00
 1522.00 	   -82.00
 1523.00 	   -82.00
 1524.00 	   -82.00
 1525.00 	   -82.00
 1526.00 	   -82.00
 1527.00 	   -82.00
 1528.00 	   -82.00
 1529.00 	   -82.00
 1530.00 	   -82.00
 1531.00 	   -82.00
 1533.00 	   -82.00
 1534.00 	   -82.00
 1535.00 	   -82.00
 1536.00 	   -82.00
 1537.00 	   -82.00
 1538.00 	   -82.00
 1539.00 	   -82.00
 1540.00 	   -82.00
 1541.00 	   -82.00
 1542.00 	   -82.00
 1543.00 	   -82.00
 1544.00 	   -82.00
 1545.00 	   -82.00
 1546.00 	   -82.00
 1547.00 	   -82.00
 1548.00 	   -82.00
 1549.00 	   -82.00
 1550.00 	   -82.00
 1551.00 	   -82.00
 1552.00 	   -82.00
 1554.00 	   -82.00
 1555.00 	   -82.00
 1556.00 	   -82.00
 1557.00 	   -82.00
 1559.00 	   -82.00
 1560.00 	   -82.00
 1561.00 	   -82.00
 1562.00 	   -82.00
 1563.00 	   -82.00
 1564.00 	   -82.00
 1565.00 	   -82.00
 1566.00 	   -82.00
 1567.00 	   -82.00
 1569.00 	   -82.00
 1570.00 	   -82.00
 1571.00 	   -82.00
 1572.00 	   -82.00
 1572.00 	   -82.00
 1573.00 	   -82.00
 1574.00 	   -82.00
 1575.00 	   -82.00
 1576.00 	   -82.00
 1577.00 	   -82.00
 1578.00 	   -83.00
 1579.00 	   -83.00
 1580.00 	   -83.00
 1581.00 	   -83.00
 1581.00 	   -83.00
 1582.00 	   -83.00
 1583.00 	   -83.00
 1584.00 	   -83.00
 1585.00 	   -83.00
 1585.00 	   -83.00
 1586.00 	   -83.00
 1587.00 	   -83.00
 1588.00 	   -83.00
 1589.00 	   -83.00
 1589.00 	   -83.00
 1590.00 	   -83.00
 1591.00 	   -83.00
 1592.00 	   -83.00
 1593.00 	   -83.00
 1594.00 	   -83.00
 1595.00 	   -83.00
 1596.00 	   -83.00
 1597.00 	   -83.00
 1598.00 	   -83.00
 1599.00 	   -83.00
 1600.00 	   -82.00
 1601.00 	   -82.00
 1602.00 	   -82.00
 1603.00 	   -82.00
 1604.00 	   -82.00
 1605.00 	   -82.00
 1606.00 	   -82.00
 1607.00 	   -82.00
 1608.00 	   -82.00
 1609.00 	   -82.00
 1610.00 	   -82.00
 1611.00 	   -82.00
 1612.00 	   -82.00
 1613.00 	   -82.00
 1614.00 	   -82.00
 1615.00 	   -81.00
 1616.00 	   -81.00
 1617.00 	   -81.00
 1618.00 	   -81.00
 1619.00 	   -81.00
 1620.00 	   -81.00
 1620.00 	   -81.00
 1621.00 	   -81.00
 1622.00 	   -81.00
 1623.00 	   -81.00
 1624.00 	   -81.00
 1624.00 	   -81.00
 1625.00 	   -81.00
 1626.00 	   -81.00
 1627.00 	   -81.00
 1628.00 	   -81.00
 1628.00 	   -81.00
 1629.00 	   -81.00
 1630.00 	   -81.00
 1631.00 	   -81.00
 1632.00 	   -81.00
 1633.00 	   -81.00
 1634.00 	   -81.00
 1635.00 	   -81.00
 1636.00 	   -81.00
 1637.00 	   -81.00
 1637.00 	   -81.00
 1638.00 	   -81.00
 1639.00 	   -81.00
 1640.00 	   -81.00
 1641.00 	   -81.00
 1642.00 	   -81.00
 1643.00 	   -81.00
 1645.00 	   -81.00
 1646.00 	   -81.00
 1647.00 	   -81.00
 1648.00 	   -81.00
 1649.00 	   -81.00
 1650.00 	   -81.00
 1651.00 	   -82.00
 1652.00 	   -82.00
 1653.00 	   -82.00
 1655.00 	   -82.00
 1656.00 	   -82.00
 1657.00 	   -82.00
 1658.00 	   -82.00
 1659.00 	   -82.00
 1661.00 	   -82.00
 1662.00 	   -82.00
 1664.00 	   -82.00
 1665.00 	   -82.00
 1666.00 	   -82.00
 1668.00 	   -82.00
 1669.00 	   -82.00
 1671.00 	   -82.00
 1672.00 	   -82.00
 1674.00 	   -82.00
 1675.00 	   -82.00
 1676.00 	   -82.00
 1678.00 	   -82.00
 1679.00 	   -82.00
 1680.00 	   -82.00
 1681.00 	   -82.00
 1683.00 	   -82.00
 1684.00 	   -82.00
 1685.00 	   -82.00
 1686.00 	   -82.00
 1687.00 	   -82.00
 1689.00 	   -82.00
 1690.00 	   -82.00
 1691.00 	   -82.00
 1692.00 	   -82.00
 1693.00 	   -82.00
 1694.00 	   -82.00
 1695.00 	   -82.00
 1696.00 	   -82.00
 1697.00 	   -82.00
 1698.00 	   -82.00
 1699.00 	   -82.00
 1700.00 	   -82.00
 1701.00 	   -82.00
 1702.00 	   -82.00
 1703.00 	   -82.00
 1704.00 	   -82.00
 1705.00 	   -82.00
 1706.00 	   -82.00
 1707.00 	   -82.00
 1708.00 	   -82.00
 1709.00 	   -82.00
 1709.00 	   -82.00
 1710.00 	   -82.00
 1711.00 	   -82.00
 1712.00 	   -82.00
 1713.00 	   -82.00
 1714.00 	   -82.00
 1714.00 	   -82.00
 1715.00 	   -82.00
 1716.00 	   -82.00
 1717.00 	   -82.00
 1717.00 	   -82.00
 1718.00 	   -82.00
 1719.00 	   -82.00
 1720.00 	   -82.00
 1720.00 	   -82.00
 1721.00 	   -82.00
 1722.00 	   -82.00
 1722.00 	   -82.00
 1723.00 	   -82.00
 1724.00 	   -82.00
 1724.00 	   -82.00
 1725.00 	   -82.00
 1726.00 	   -82.00
 1726.00 	   -82.00
 1727.00 	   -82.00
 1728.00 	   -82.00
 1729.00 	   -82.00
 1730.00 	   -82.00
 1731.00 	   -82.00
 1732.00 	   -82.00
 1733.00 	   -82.00
 1734.00 	   -82.00
 1735.00 	   -82.00
 1736.00 	   -82.00
 1737.00 	   -82.00
 1738.00 	   -82.00
 1739.00 	   -82.00
 1739.00 	   -82.00
 1740.00 	   -82.00
 1741.00 	   -81.00
 1742.00 	   -81.00
 1743.00 	   -81.00
 1744.00 	   -81.00
 1745.00 	   -81.00
 1746.00 	   -81.00
 1747.00 	   -81.00
 1748.00 	   -81.00
 1749.00 	   -81.00
 1750.00 	   -81.00
 1751.00 	   -81.00
 1752.00 	   -81.00
 1753.00 	   -81.00
 1754.00 	   -81.00
 1754.00 	   -81.00
 1755.00 	   -81.00
 1757.00 	   -81.00
 1758.00 	   -81.00
 1759.00 	   -81.00
 1760.00 	   -81.00
 1761.00 	   -81.00
 1762.00 	   -81.00
 1763.00 	   -81.00
 1764.00 	   -81.00
 1765.00 	   -81.00
 1766.00 	   -81.00
 1767.00 	   -82.00
 1768.00 	   -82.00
 1769.00 	   -82.00
 1770.00 	   -82.00
 1771.00 	   -82.00
 1772.00 	   -82.00
 1773.00 	   -82.00
 1774.00 	   -82.00
 1775.00 	   -82.00
 1776.00 	   -82.00
 1777.00 	   -82.00
 1778.00 	   -82.00
 1779.00 	   -82.00
 1780.00 	   -82.00
 1781.00 	   -82.00
 1782.00 	   -82.00
 1783.00 	   -82.00
 1784.00 	   -82.00
 1786.00 	   -82.00
 1787.00 	   -82.00
 1788.00 	   -82.00
 1789.00 	   -82.00
 1790.00 	   -82.00
 1791.00 	   -83.00
 1792.00 	   -83.00
 1793.00 	   -83.00
 1794.00 	   -83.00
 1795.00 	   -83.00
 1796.00 	   -83.00
 1797.00 	   -83.00
 1798.00 	   -83.00
 1799.00 	   -83.00
 1800.00 	   -83.00
 1801.00 	   -83.00
 1802.00 	   -83.00
 1803.00 	   -83.00
 1804.00 	   -83.00
 1805.00 	   -83.00
 1806.00 	   -83.00
 1807.00 	   -83.00
 1808.00 	   -83.00
 1809.00 	   -83.00
 1810.00 	   -83.00
 1811.00 	   -83.00
 1812.00 	   -83.00
 1813.00 	   -83.00
 1814.00 	   -83.00
 1815.00 	   -83.00
 1815.00 	   -83.00
 1816.00 	   -83.00
 1817.00 	   -83.00
 1818.00 	   -83.00
 1820.00 	   -83.00
 1821.00 	   -83.00
 1822.00 	   -83.00
 1823.00 	   -83.00
 1824.00 	   -83.00
 1825.00 	   -83.00
 1826.00 	   -83.00
 1827.00 	   -82.00
 1828.00 	   -82.00
 1829.00 	   -82.00
 1830.00 	   -82.00
 1831.00 	   -82.00
 1832.00 	   -82.00
 1833.00 	   -82.00
 1834.00 	   -82.00
 1835.00 	   -82.00
 1835.00 	   -82.00
 1836.00 	   -82.00
 1837.00 	   -81.00
 1838.00 	   -81.00
 1839.00 	   -81.00
 1840.00 	   -81.00
 1840.00 	   -81.00
 1841.00 	   -81.00
 1842.00 	   -81.00
 1843.00 	   -81.00
 1844.00 	   -81.00
 1845.00 	   -81.00
 1846.00 	   -82.00
 1847.00 	   -82.00
 1847.00 	   -82.00
 1848.00 	   -82.00
 1849.00 	   -82.00
 1850.00 	   -82.00
 1851.00 	   -82.00
 1852.00 	   -82.00
 1853.00 	   -82.00
 1854.00 	   -83.00
 1854.00 	   -83.00
 1855.00 	   -83.00
 1856.00 	   -83.00
 1857.00 	   -83.00
 1858.00 	   -83.00
 1859.00 	   -84.00
 1860.00 	   -84.00
 1861.00 	   -84.00
 1862.00 	   -84.00
 1863.00 	   -84.00
 1864.00 	   -84.00
 1865.00 	   -85.00
 1866.00 	   -85.00
 1867.00 	   -85.00
 1868.00 	   -85.00
 1869.00 	   -85.00
 1871.00 	   -85.00
 1872.00 	   -85.00
 1873.00 	   -86.00
 1874.00 	   -86.00
 1875.00 	   -86.00
 1876.00 	   -86.00
 1877.00 	   -86.00
 1878.00 	   -86.00
 1879.00 	   -86.00
 1880.00 	   -86.00
 1881.00 	   -86.00
 1882.00 	   -86.00
 1883.00 	   -86.00
 1884.00 	   -86.00
 1885.00 	   -86.00
 1886.00 	   -86.00
 1887.00 	   -86.00
 1888.00 	   -86.00
 1890.00 	   -86.00
 1891.00 	   -86.00
 1892.00 	   -86.00
 1893.00 	   -86.00
 1894.00 	   -86.00
 1895.00 	   -86.00
 1896.00 	   -85.00
 1897.00 	   -85.00
 1898.00 	   -85.00
 1899.00 	   -85.00
 1900.00 	   -85.00
 1901.00 	   -85.00
 1902.00 	   -85.00
 1903.00 	   -85.00
 1904.00 	   -84.00
 1905.00 	   -84.00
 1906.00 	   -84.00
 1907.00 	   -84.00
 1907.00 	   -84.00
 1908.00 	   -84.00
 1909.00 	   -84.00
 1910.00 	   -84.00
 1911.00 	   -83.00
 1912.00 	   -83.00
 1913.00 	   -83.00
 1914.00 	   -83.00
 1915.00 	   -83.00
 1916.00 	   -83.00
 1917.00 	   -83.00
 1918.00 	   -83.00
 1919.00 	   -83.00
 1920.00 	   -83.00
 1922.00 	   -83.00
 1923.00 	   -83.00
 1924.00 	   -83.00
 1925.00 	   -83.00
 1926.00 	   -83.00
 1927.00 	   -83.00
 1928.00 	   -83.00
 1929.00 	   -84.00
 1930.00 	   -84.00
 1931.00 	   -84.00
 1932.00 	   -84.00
 1933.00 	   -84.00
 1934.00 	   -84.00
 1935.00 	   -84.00
 1936.00 	   -85.00
 1937.00 	   -85.00
 1937.00 	   -85.00
 1938.00 	   -85.00
 1939.00 	   -85.00
 1940.00 	   -85.00
 1941.00 	   -86.00
 1941.00 	   -86.00
 1943.00 	   -86.00
 1945.00 	   -87.00
 1946.00 	   -87.00
 1947.00 	   -87.00
 1948.00 	   -88.00
 1949.00 	   -88.00
 1950.00 	   -88.00
 1951.00 	   -88.00
 1951.00 	   -88.00
 1952.00 	   -88.00
 1953.00 	   -88.00
 1953.00 	   -88.00
 1954.00 	   -88.00
 1955.00 	   -88.00
 1955.00 	   -88.00
 1956.00 	   -88.00
 1957.00 	   -88.00
 1958.00 	   -88.00
 1958.00 	   -88.00
 1959.00 	   -88.00
 1960.00 	   -87.00
 1961.00 	   -87.00
 1961.00 	   -87.00
 1962.00 	   -87.00
 1963.00 	   -87.00
 1964.00 	   -87.00
 1964.00 	   -87.00
 1965.00 	   -87.00
 1966.00 	   -87.00
 1967.00 	   -87.00
 1967.00 	   -87.00
 1968.00 	   -87.00
 1969.00 	   -87.00
 1970.00 	   -87.00
 1971.00 	   -87.00
 1971.00 	   -87.00
 1972.00 	   -87.00
 1973.00 	   -87.00
 1974.00 	   -87.00
 1975.00 	   -87.00
 1976.00 	   -87.00
 1976.00 	   -87.00
 1977.00 	   -87.00
 1978.00 	   -87.00
 1979.00 	   -87.00
 1980.00 	   -87.00
 1981.00 	   -87.00
 1982.00 	   -87.00
 1982.00 	   -87.00
 1983.00 	   -86.00
 1984.00 	   -86.00
 1985.00 	   -86.00
 1986.00 	   -86.00
 1987.00 	   -86.00
 1988.00 	   -86.00
 1989.00 	   -86.00
 1990.00 	   -86.00
 1991.00 	   -86.00
 1992.00 	   -86.00
 1992.00 	   -86.00
 1993.00 	   -86.00
 1994.00 	   -86.00
 1995.00 	   -86.00
 1996.00 	   -86.00
 1997.00 	   -86.00
 1998.00 	   -86.00
 1999.00 	   -86.00
 2000.00 	   -86.00
 2001.00 	   -86.00
 2002.00 	   -86.00
 2003.00 	   -86.00
 2004.00 	   -86.00
 2005.00 	   -86.00
 2006.00 	   -86.00
 2007.00 	   -86.00
 2008.00 	   -86.00
 2009.00 	   -86.00
 2010.00 	   -86.00
 2011.00 	   -86.00
 2012.00 	   -86.00
 2013.00 	   -86.00
 2014.00 	   -86.00
 2015.00 	   -86.00
 2016.00 	   -86.00
 2017.00 	   -86.00
 2018.00 	   -86.00
 2019.00 	   -86.00
 2020.00 	   -86.00
 2021.00 	   -86.00
 2022.00 	   -86.00
 2024.00 	   -86.00
 2025.00 	   -86.00
 2026.00 	   -86.00
 2027.00 	   -86.00
 2028.00 	   -86.00
 2029.00 	   -86.00
 2030.00 	   -86.00
 2031.00 	   -86.00
 2032.00 	   -86.00
 2033.00 	   -86.00
 2034.00 	   -86.00
 2036.00 	   -86.00
 2037.00 	   -86.00
 2038.00 	   -86.00
 2039.00 	   -86.00
 2040.00 	   -86.00
 2041.00 	   -86.00
 2042.00 	   -86.00
 2043.00 	   -86.00
 2045.00 	   -86.00
 2046.00 	   -86.00
 2047.00 	   -86.00
 2048.00 	   -86.00
 2049.00 	   -86.00
 2050.00 	   -86.00
 2051.00 	   -86.00
 2053.00 	   -86.00
 2054.00 	   -86.00
 2055.00 	   -86.00
 2056.00 	   -86.00
 2057.00 	   -86.00
 2058.00 	   -86.00
 2060.00 	   -86.00
 2061.00 	   -86.00
 2062.00 	   -86.00
 2063.00 	   -86.00
 2064.00 	   -86.00
 2066.00 	   -86.00
 2067.00 	   -86.00
 2068.00 	   -86.00
 2069.00 	   -86.00
 2070.00 	   -86.00
 2072.00 	   -86.00
 2073.00 	   -86.00
 2074.00 	   -86.00
 2075.00 	   -86.00
 2077.00 	   -86.00
 2078.00 	   -86.00
 2079.00 	   -86.00
 2080.00 	   -86.00
 2082.00 	   -86.00
 2083.00 	   -86.00
 2084.00 	   -86.00
 2085.00 	   -86.00
 2087.00 	   -86.00
 2088.00 	   -86.00
 2089.00 	   -86.00
 2090.00 	   -86.00
 2091.00 	   -86.00
 2091.00 	   -86.00
 2092.00 	   -86.00
 2093.00 	   -86.00
 2094.00 	   -86.00
 2095.00 	   -86.00
 2096.00 	   -86.00
 2097.00 	   -86.00
 2098.00 	   -86.00
 2099.00 	   -86.00
 2100.00 	   -86.00
 2101.00 	   -86.00
 2102.00 	   -86.00
 2102.00 	   -86.00
 2103.00 	   -86.00
 2104.00 	   -86.00
 2105.00 	   -86.00
 2106.00 	   -86.00
 2107.00 	   -86.00
 2108.00 	   -86.00
 2109.00 	   -86.00
 2110.00 	   -86.00
 2111.00 	   -86.00
 2112.00 	   -86.00
 2113.00 	   -86.00
 2114.00 	   -86.00
 2115.00 	   -86.00
 2116.00 	   -87.00
 2116.00 	   -87.00
 2117.00 	   -87.00
 2118.00 	   -87.00
 2119.00 	   -87.00
 2120.00 	   -87.00
 2121.00 	   -87.00
 2122.00 	   -87.00
 2123.00 	   -87.00
 2124.00 	   -87.00
 2125.00 	   -87.00
 2126.00 	   -87.00
 2127.00 	   -87.00
 2128.00 	   -87.00
 2129.00 	   -87.00
 2130.00 	   -87.00
 2131.00 	   -87.00
 2132.00 	   -87.00
 2133.00 	   -87.00
 2134.00 	   -87.00
 2135.00 	   -87.00
 2136.00 	   -87.00
 2137.00 	   -87.00
 2137.00 	   -87.00
 2138.00 	   -87.00
 2139.00 	   -87.00
 2140.00 	   -87.00
 2141.00 	   -87.00
 2142.00 	   -87.00
 2143.00 	   -87.00
 2144.00 	   -87.00
 2145.00 	   -87.00
 2146.00 	   -87.00
 2147.00 	   -87.00
 2148.00 	   -87.00
 2149.00 	   -87.00
 2150.00 	   -87.00
 2151.00 	   -87.00
 2152.00 	   -87.00
 2153.00 	   -87.00
 2154.00 	   -87.00
 2155.00 	   -87.00
 2156.00 	   -87.00
 2157.00 	   -87.00
 2158.00 	   -87.00
 2159.00 	   -87.00
 2160.00 	   -87.00
 2161.00 	   -87.00
 2162.00 	   -87.00
 2163.00 	   -87.00
 2164.00 	   -87.00
 2165.00 	   -87.00
 2166.00 	   -87.00
 2167.00 	   -87.00
 2168.00 	   -87.00
 2169.00 	   -87.00
 2170.00 	   -87.00
 2171.00 	   -87.00
 2172.00 	   -87.00
 2173.00 	   -87.00
 2174.00 	   -87.00
 2175.00 	   -87.00
 2176.00 	   -87.00
 2177.00 	   -87.00
 2178.00 	   -87.00
 2179.00 	   -87.00
 2180.00 	   -87.00
 2181.00 	   -88.00
 2182.00 	   -88.00
 2183.00 	   -88.00
 2184.00 	   -88.00
 2185.00 	   -88.00
 2186.00 	   -88.00
 2187.00 	   -88.00
 2188.00 	   -88.00
 2189.00 	   -88.00
 2190.00 	   -88.00
 2191.00 	   -88.00
 2192.00 	   -88.00
 2193.00 	   -88.00
 2194.00 	   -88.00
 2195.00 	   -88.00
 2196.00 	   -88.00
 2197.00 	   -88.00
 2198.00 	   -88.00
 2199.00 	   -88.00
 2200.00 	   -88.00
 2201.00 	   -88.00
 2202.00 	   -88.00
 2203.00 	   -88.00
 2204.00 	   -88.00
 2205.00 	   -88.00
 2207.00 	   -88.00
 2208.00 	   -88.00
 2209.00 	   -88.00
 2210.00 	   -88.00
 2211.00 	   -88.00
 2212.00 	   -88.00
 2213.00 	   -88.00
 2214.00 	   -88.00
 2215.00 	   -88.00
 2216.00 	   -88.00
 2217.00 	   -88.00
 2218.00 	   -88.00
 2219.00 	   -88.00
 2220.00 	   -88.00
 2221.00 	   -88.00
 2222.00 	   -88.00
 2223.00 	   -88.00
 2224.00 	   -88.00
 2225.00 	   -88.00
 2226.00 	   -88.00
 2227.00 	   -88.00
 2228.00 	   -88.00
 2229.00 	   -88.00
 2230.00 	   -88.00
 2231.00 	   -88.00
 2232.00 	   -88.00
 2233.00 	   -88.00
 2234.00 	   -88.00
 2235.00 	   -88.00
 2236.00 	   -88.00
 2238.00 	   -88.00
 2239.00 	   -88.00
 2240.00 	   -88.00
 2241.00 	   -88.00
 2242.00 	   -88.00
 2243.00 	   -88.00
 2244.00 	   -88.00
 2245.00 	   -88.00
 2246.00 	   -88.00
 2247.00 	   -88.00
 2248.00 	   -88.00
 2249.00 	   -89.00
 2250.00 	   -89.00
 2251.00 	   -89.00
 2252.00 	   -89.00
 2253.00 	   -89.00
 2254.00 	   -89.00
 2255.00 	   -89.00
 2256.00 	   -89.00
 2257.00 	   -89.00
 2258.00 	   -89.00
 2259.00 	   -89.00
 2260.00 	   -89.00
 2261.00 	   -89.00
 2263.00 	   -89.00
 2264.00 	   -89.00
 2265.00 	   -89.00
 2266.00 	   -89.00
 2267.00 	   -89.00
 2268.00 	   -89.00
 2269.00 	   -89.00
 2270.00 	   -89.00
 2271.00 	   -89.00
 2272.00 	   -89.00
 2273.00 	   -89.00
 2274.00 	   -89.00
 2275.00 	   -89.00
 2276.00 	   -89.00
 2277.00 	   -89.00
 2278.00 	   -89.00
 2279.00 	   -89.00
 2280.00 	   -89.00
 2282.00 	   -89.00
 2283.00 	   -89.00
 2284.00 	   -89.00
 2285.00 	   -89.00
 2286.00 	   -89.00
 2287.00 	   -89.00
 2288.00 	   -89.00
 2289.00 	   -89.00
 2290.00 	   -89.00
 2291.00 	   -89.00
 2292.00 	   -89.00
 2293.00 	   -89.00
 2295.00 	   -89.00
 2296.00 	   -89.00
 2297.00 	   -89.00
 2298.00 	   -89.00
 2299.00 	   -89.00
 2300.00 	   -89.00
 2301.00 	   -89.00
 2302.00 	   -89.00
 2303.00 	   -89.00
 2304.00 	   -89.00
 2305.00 	   -89.00
 2306.00 	   -89.00
 2308.00 	   -89.00
 2309.00 	   -89.00
 2310.00 	   -89.00
 2311.00 	   -89.00
 2312.00 	   -89.00
 2313.00 	   -89.00
 2314.00 	   -89.00
 2315.00 	   -89.00
 2316.00 	   -89.00
 2317.00 	   -89.00
 2318.00 	   -89.00
 2319.00 	   -89.00
 2320.00 	   -89.00
 2322.00 	   -89.00
 2323.00 	   -89.00
 2324.00 	   -89.00
 2325.00 	   -89.00
 2326.00 	   -89.00
 2327.00 	   -89.00
 2328.00 	   -89.00
 2329.00 	   -89.00
 2330.00 	   -89.00
 2331.00 	   -89.00
 2332.00 	   -89.00
 2333.00 	   -89.00
 2334.00 	   -89.00
 2335.00 	   -89.00
 2337.00 	   -89.00
 2338.00 	   -89.00
 2339.00 	   -89.00
 2340.00 	   -89.00
 2341.00 	   -89.00
 2342.00 	   -89.00
 2343.00 	   -89.00
 2344.00 	   -89.00
 2345.00 	   -89.00
 2346.00 	   -89.00
 2347.00 	   -89.00
 2348.00 	   -89.00
 2349.00 	   -89.00
 2350.00 	   -89.00
 2351.00 	   -89.00
 2352.00 	   -89.00
 2353.00 	   -89.00
 2354.00 	   -89.00
 2356.00 	   -89.00
 2357.00 	   -89.00
 2358.00 	   -89.00
 2359.00 	   -89.00
 2360.00 	   -89.00
 2361.00 	   -89.00
 2362.00 	   -89.00
 2363.00 	   -89.00
 2364.00 	   -89.00
 2365.00 	   -89.00
 2366.00 	   -89.00
 2367.00 	   -89.00
 2368.00 	   -89.00
 2369.00 	   -89.00
 2370.00 	   -89.00
 2371.00 	   -89.00
 2372.00 	   -89.00
 2373.00 	   -89.00
 2374.00 	   -89.00
 2375.00 	   -89.00
 2376.00 	   -89.00
 2377.00 	   -89.00
 2378.00 	   -89.00
 2379.00 	   -89.00
 2380.00 	   -89.00
 2381.00 	   -89.00
 2382.00 	   -89.00
 2383.00 	   -89.00
 2384.00 	   -89.00
 2385.00 	   -89.00
 2386.00 	   -89.00
 2387.00 	   -89.00
 2388.00 	   -89.00
 2389.00 	   -89.00
 2390.00 	   -89.00
 2391.00 	   -89.00
 2392.00 	   -89.00
 2393.00 	   -89.00
 2394.00 	   -89.00
 2395.00 	   -89.00
 2396.00 	   -89.00
 2397.00 	   -89.00
 2398.00 	   -89.00
 2399.00 	   -89.00
 2400.00 	   -89.00
 2401.00 	   -89.00
 2402.00 	   -89.00
 2403.00 	   -89.00
 2404.00 	   -89.00
 2405.00 	   -89.00
 2406.00 	   -89.00
 2407.00 	   -89.00
 2408.00 	   -89.00
 2409.00 	   -89.00
 2410.00 	   -89.00
 2411.00 	   -89.00
 2412.00 	   -89.00
 2413.00 	   -89.00
 2414.00 	   -89.00
 2415.00 	   -89.00
 2416.00 	   -89.00
 2417.00 	   -89.00
 2417.00 	   -89.00
 2418.00 	   -89.00
 2419.00 	   -89.00
 2420.00 	   -89.00
 2421.00 	   -89.00
 2422.00 	   -89.00
 2423.00 	   -89.00
 2424.00 	   -89.00
 2425.00 	   -89.00
 2426.00 	   -89.00
 2427.00 	   -89.00
 2428.00 	   -89.00
 2429.00 	   -89.00
 2429.00 	   -89.00
 2430.00 	   -89.00
 2431.00 	   -89.00
 2432.00 	   -89.00
 2433.00 	   -89.00
 2434.00 	   -89.00
 2435.00 	   -89.00
 2436.00 	   -89.00
 2437.00 	   -89.00
 2438.00 	   -89.00
 2438.00 	   -89.00
 2439.00 	   -89.00
 2440.00 	   -89.00
 2441.00 	   -89.00
 2442.00 	   -89.00
 2443.00 	   -89.00
 2444.00 	   -89.00
 2445.00 	   -89.00
 2446.00 	   -89.00
 2446.00 	   -89.00
 2447.00 	   -89.00
 2448.00 	   -89.00
 2449.00 	   -89.00
 2450.00 	   -89.00
 2451.00 	   -89.00
 2452.00 	   -89.00
 2452.00 	   -89.00
 2453.00 	   -89.00
 2454.00 	   -89.00
 2455.00 	   -89.00
 2456.00 	   -89.00
 2457.00 	   -89.00
 2457.00 	   -89.00
 2458.00 	   -89.00
 2459.00 	   -89.00
 2460.00 	   -89.00
 2461.00 	   -89.00
 2463.00 	   -89.00
 2464.00 	   -89.00
 2466.00 	   -89.00
 2467.00 	   -89.00
 2469.00 	   -89.00
 2470.00 	   -89.00
 2471.00 	   -89.00
 2473.00 	   -89.00
 2474.00 	   -89.00
 2476.00 	   -89.00
 2477.00 	   -89.00
 2478.00 	   -89.00
 2480.00 	   -89.00
 2481.00 	   -89.00
 2482.00 	   -88.00
 2484.00 	   -88.00
 2485.00 	   -88.00
 2486.00 	   -88.00
 2488.00 	   -88.00
 2489.00 	   -88.00
 2490.00 	   -88.00
 2491.00 	   -88.00
 2493.00 	   -88.00
 2494.00 	   -88.00
 2495.00 	   -88.00
 2496.00 	   -88.00
 2498.00 	   -88.00
 2499.00 	   -88.00
 2500.00 	   -88.00
 2501.00 	   -88.00
 2502.00 	   -88.00
 2503.00 	   -88.00
 2505.00 	   -88.00
 2506.00 	   -88.00
 2507.00 	   -88.00
 2508.00 	   -88.00
 2509.00 	   -88.00
 2510.00 	   -88.00
 2511.00 	   -88.00
 2512.00 	   -88.00
 2513.00 	   -88.00
 2515.00 	   -88.00
 2516.00 	   -88.00
 2517.00 	   -88.00
 2518.00 	   -88.00
 2519.00 	   -88.00
 2520.00 	   -88.00
 2521.00 	   -88.00
 2522.00 	   -88.00
 2523.00 	   -88.00
 2524.00 	   -88.00
 2525.00 	   -87.00
 2526.00 	   -87.00
 2527.00 	   -87.00
 2528.00 	   -87.00
 2528.00 	   -87.00
 2529.00 	   -87.00
 2530.00 	   -87.00
 2531.00 	   -87.00
 2532.00 	   -87.00
 2533.00 	   -87.00
 2534.00 	   -87.00
 2535.00 	   -87.00
 2536.00 	   -87.00
 2536.00 	   -87.00
 2537.00 	   -87.00
 2538.00 	   -87.00
 2539.00 	   -87.00
 2540.00 	   -87.00
 2540.00 	   -87.00
 2541.00 	   -87.00
 2542.00 	   -87.00
 2543.00 	   -87.00
 2544.00 	   -87.00
 2544.00 	   -87.00
 2545.00 	   -87.00
 2546.00 	   -87.00
 2546.00 	   -87.00
 2547.00 	   -87.00
 2548.00 	   -87.00
 2549.00 	   -87.00
 2549.00 	   -87.00
 2550.00 	   -87.00
 2551.00 	   -87.00
 2551.00 	   -87.00
 2552.00 	   -87.00
 2553.00 	   -86.00
 2553.00 	   -86.00
 2554.00 	   -86.00
 2554.00 	   -86.00
 2555.00 	   -86.00
 2556.00 	   -86.00
 2556.00 	   -86.00
 2557.00 	   -86.00
 2557.00 	   -86.00
 2558.00 	   -86.00
 2558.00 	   -86.00
 2559.00 	   -86.00
 2559.00 	   -86.00
 2560.00 	   -86.00
 2573.00 	   -85.00
