   19.00 	  -113.00
   21.00 	  -113.00
   23.00 	  -113.00
   24.00 	  -113.00
   26.00 	  -113.00
   27.00 	  -113.00
   29.00 	  -113.00
   30.00 	  -113.00
   32.00 	  -113.00
   33.00 	  -113.00
   35.00 	  -113.00
   36.00 	  -113.00
   38.00 	  -113.00
   39.00 	  -113.00
   41.00 	  -113.00
   42.00 	  -113.00
   44.00 	  -113.00
   45.00 	  -113.00
   47.00 	  -113.00
   48.00 	  -113.00
   50.00 	  -113.00
   51.00 	  -112.00
   53.00 	  -112.00
   54.00 	  -112.00
   55.00 	  -112.00
   57.00 	  -112.00
   58.00 	  -112.00
   60.00 	  -112.00
   61.00 	  -112.00
   63.00 	  -112.00
   64.00 	  -112.00
   66.00 	  -112.00
   67.00 	  -112.00
   68.00 	  -112.00
   70.00 	  -112.00
   71.00 	  -112.00
   73.00 	  -112.00
   74.00 	  -112.00
   75.00 	  -112.00
   77.00 	  -112.00
   78.00 	  -112.00
   80.00 	  -112.00
   81.00 	  -112.00
   82.00 	  -111.00
   84.00 	  -111.00
   85.00 	  -111.00
   87.00 	  -111.00
   88.00 	  -111.00
   89.00 	  -111.00
   91.00 	  -111.00
   92.00 	  -111.00
   93.00 	  -111.00
   95.00 	  -111.00
   96.00 	  -111.00
   98.00 	  -111.00
   99.00 	  -111.00
  100.00 	  -111.00
  102.00 	  -111.00
  103.00 	  -111.00
  104.00 	  -111.00
  106.00 	  -111.00
  107.00 	  -111.00
  108.00 	  -111.00
  110.00 	  -111.00
  111.00 	  -111.00
  112.00 	  -111.00
  113.00 	  -111.00
  115.00 	  -111.00
  116.00 	  -110.00
  117.00 	  -110.00
  119.00 	  -110.00
  120.00 	  -110.00
  121.00 	  -110.00
  123.00 	  -110.00
  124.00 	  -110.00
  125.00 	  -110.00
  126.00 	  -110.00
  128.00 	  -110.00
  129.00 	  -110.00
  130.00 	  -110.00
  131.00 	  -110.00
  133.00 	  -110.00
  134.00 	  -110.00
  135.00 	  -110.00
  137.00 	  -110.00
  138.00 	  -110.00
  139.00 	  -110.00
  140.00 	  -110.00
  141.00 	  -110.00
  143.00 	  -110.00
  144.00 	  -110.00
  145.00 	  -110.00
  146.00 	  -110.00
  148.00 	  -110.00
  149.00 	  -109.00
  150.00 	  -109.00
  151.00 	  -109.00
  153.00 	  -109.00
  154.00 	  -109.00
  155.00 	  -109.00
  156.00 	  -109.00
  157.00 	  -109.00
  159.00 	  -109.00
  160.00 	  -109.00
  161.00 	  -109.00
  162.00 	  -109.00
  163.00 	  -109.00
  164.00 	  -109.00
  166.00 	  -109.00
  167.00 	  -109.00
  168.00 	  -109.00
  169.00 	  -109.00
  170.00 	  -109.00
  171.00 	  -109.00
  173.00 	  -109.00
  174.00 	  -109.00
  175.00 	  -109.00
  176.00 	  -109.00
  177.00 	  -109.00
  178.00 	  -109.00
  180.00 	  -109.00
  181.00 	  -109.00
  182.00 	  -109.00
  183.00 	  -109.00
  184.00 	  -108.00
  185.00 	  -108.00
  186.00 	  -108.00
  187.00 	  -108.00
  189.00 	  -108.00
  190.00 	  -108.00
  191.00 	  -108.00
  192.00 	  -108.00
  193.00 	  -108.00
  194.00 	  -108.00
  195.00 	  -108.00
  196.00 	  -108.00
  197.00 	  -108.00
  198.00 	  -108.00
  200.00 	  -108.00
  201.00 	  -108.00
  202.00 	  -108.00
  203.00 	  -108.00
  204.00 	  -108.00
  205.00 	  -108.00
  206.00 	  -108.00
  207.00 	  -108.00
  208.00 	  -108.00
  209.00 	  -108.00
  210.00 	  -108.00
  211.00 	  -108.00
  212.00 	  -108.00
  213.00 	  -108.00
  215.00 	  -108.00
  216.00 	  -108.00
  217.00 	  -108.00
  218.00 	  -108.00
  219.00 	  -108.00
  220.00 	  -108.00
  221.00 	  -107.00
  222.00 	  -107.00
  223.00 	  -107.00
  224.00 	  -107.00
  225.00 	  -107.00
  226.00 	  -107.00
  227.00 	  -107.00
  228.00 	  -107.00
  229.00 	  -107.00
  230.00 	  -107.00
  231.00 	  -107.00
  232.00 	  -107.00
  233.00 	  -107.00
  234.00 	  -107.00
  235.00 	  -107.00
  236.00 	  -107.00
  237.00 	  -107.00
  238.00 	  -107.00
  239.00 	  -107.00
  240.00 	  -107.00
  241.00 	  -107.00
  242.00 	  -107.00
  243.00 	  -107.00
  244.00 	  -107.00
  245.00 	  -107.00
  246.00 	  -107.00
  247.00 	  -107.00
  248.00 	  -107.00
  249.00 	  -107.00
  250.00 	  -107.00
  251.00 	  -107.00
  251.00 	  -107.00
  252.00 	  -107.00
  253.00 	  -107.00
  254.00 	  -107.00
  255.00 	  -107.00
  256.00 	  -107.00
  257.00 	  -107.00
  258.00 	  -107.00
  259.00 	  -107.00
  260.00 	  -106.00
  261.00 	  -106.00
  262.00 	  -106.00
  263.00 	  -106.00
  264.00 	  -106.00
  265.00 	  -106.00
  265.00 	  -106.00
  266.00 	  -106.00
  267.00 	  -106.00
  268.00 	  -106.00
  269.00 	  -106.00
  270.00 	  -106.00
  271.00 	  -106.00
  272.00 	  -106.00
  273.00 	  -106.00
  274.00 	  -106.00
  274.00 	  -106.00
  275.00 	  -106.00
  276.00 	  -106.00
  277.00 	  -106.00
  278.00 	  -106.00
  279.00 	  -106.00
  280.00 	  -106.00
  281.00 	  -106.00
  281.00 	  -106.00
  282.00 	  -106.00
  283.00 	  -106.00
  284.00 	  -106.00
  285.00 	  -106.00
  286.00 	  -106.00
  287.00 	  -106.00
  288.00 	  -106.00
  288.00 	  -106.00
  289.00 	  -106.00
  290.00 	  -106.00
  291.00 	  -106.00
  292.00 	  -106.00
  293.00 	  -106.00
  293.00 	  -106.00
  294.00 	  -106.00
  295.00 	  -106.00
  296.00 	  -106.00
  297.00 	  -106.00
  298.00 	  -106.00
  298.00 	  -106.00
  299.00 	  -106.00
  300.00 	  -106.00
  301.00 	  -106.00
  302.00 	  -106.00
  303.00 	  -106.00
  303.00 	  -106.00
  304.00 	  -106.00
  305.00 	  -105.00
  306.00 	  -105.00
  307.00 	  -105.00
  307.00 	  -105.00
  308.00 	  -105.00
  309.00 	  -105.00
  310.00 	  -105.00
  311.00 	  -105.00
  311.00 	  -105.00
  312.00 	  -105.00
  313.00 	  -105.00
  314.00 	  -105.00
  315.00 	  -105.00
  315.00 	  -105.00
  316.00 	  -105.00
  317.00 	  -105.00
  318.00 	  -105.00
  318.00 	  -105.00
  319.00 	  -105.00
  320.00 	  -105.00
  321.00 	  -105.00
  321.00 	  -105.00
  322.00 	  -105.00
  323.00 	  -105.00
  324.00 	  -105.00
  325.00 	  -105.00
  325.00 	  -105.00
  326.00 	  -105.00
  327.00 	  -105.00
  328.00 	  -105.00
  328.00 	  -105.00
  329.00 	  -105.00
  330.00 	  -105.00
  331.00 	  -105.00
  331.00 	  -105.00
  332.00 	  -105.00
  333.00 	  -105.00
  333.00 	  -105.00
  334.00 	  -105.00
  335.00 	  -105.00
  336.00 	  -105.00
  336.00 	  -105.00
  337.00 	  -105.00
  338.00 	  -105.00
  339.00 	  -105.00
  339.00 	  -105.00
  340.00 	  -105.00
  341.00 	  -105.00
  341.00 	  -105.00
  342.00 	  -105.00
  343.00 	  -105.00
  344.00 	  -105.00
  344.00 	  -105.00
  345.00 	  -105.00
  346.00 	  -105.00
  346.00 	  -105.00
  347.00 	  -105.00
  348.00 	  -105.00
  348.00 	  -105.00
  349.00 	  -105.00
  350.00 	  -105.00
  351.00 	  -105.00
  351.00 	  -105.00
  352.00 	  -105.00
  353.00 	  -105.00
  353.00 	  -105.00
  354.00 	  -105.00
  355.00 	  -105.00
  355.00 	  -105.00
  356.00 	  -105.00
  357.00 	  -105.00
  357.00 	  -105.00
  358.00 	  -105.00
  359.00 	  -105.00
  359.00 	  -105.00
  360.00 	  -105.00
  361.00 	  -105.00
  361.00 	  -104.00
  362.00 	  -104.00
  363.00 	  -104.00
  363.00 	  -104.00
  364.00 	  -104.00
  365.00 	  -104.00
  365.00 	  -104.00
  366.00 	  -104.00
  367.00 	  -104.00
  367.00 	  -104.00
  368.00 	  -104.00
  369.00 	  -104.00
  369.00 	  -104.00
  370.00 	  -104.00
  370.00 	  -104.00
  371.00 	  -104.00
  372.00 	  -104.00
  372.00 	  -104.00
  373.00 	  -104.00
  374.00 	  -104.00
  374.00 	  -104.00
  375.00 	  -104.00
  376.00 	  -104.00
  376.00 	  -104.00
  377.00 	  -104.00
  377.00 	  -104.00
  378.00 	  -104.00
  379.00 	  -104.00
  379.00 	  -104.00
  380.00 	  -104.00
  380.00 	  -104.00
  381.00 	  -104.00
  382.00 	  -104.00
  382.00 	  -104.00
  383.00 	  -104.00
  384.00 	  -104.00
  384.00 	  -104.00
  385.00 	  -104.00
  385.00 	  -104.00
  386.00 	  -104.00
  387.00 	  -104.00
  387.00 	  -104.00
  388.00 	  -104.00
  390.00 	  -104.00
  391.00 	  -104.00
  392.00 	  -104.00
  393.00 	  -104.00
  394.00 	  -104.00
  396.00 	  -104.00
  397.00 	  -104.00
  398.00 	  -104.00
  399.00 	  -104.00
  400.00 	  -104.00
  401.00 	  -104.00
  403.00 	  -104.00
  404.00 	  -104.00
  405.00 	  -104.00
  406.00 	  -104.00
  407.00 	  -104.00
  408.00 	  -104.00
  409.00 	  -104.00
  410.00 	  -104.00
  412.00 	  -104.00
  413.00 	  -104.00
  414.00 	  -104.00
  415.00 	  -104.00
  416.00 	  -104.00
  417.00 	  -104.00
  418.00 	  -104.00
  419.00 	  -104.00
  420.00 	  -104.00
  421.00 	  -104.00
  422.00 	  -104.00
  423.00 	  -104.00
  425.00 	  -104.00
  426.00 	  -104.00
  427.00 	  -104.00
  428.00 	  -104.00
  429.00 	  -104.00
  430.00 	  -104.00
  431.00 	  -104.00
  432.00 	  -104.00
  433.00 	  -104.00
  434.00 	  -104.00
  435.00 	  -104.00
  436.00 	  -104.00
  437.00 	  -104.00
  438.00 	  -104.00
  439.00 	  -104.00
  440.00 	  -104.00
  441.00 	  -104.00
  442.00 	  -104.00
  443.00 	  -104.00
  444.00 	  -104.00
  445.00 	  -104.00
  446.00 	  -104.00
  447.00 	  -104.00
  448.00 	  -104.00
  449.00 	  -104.00
  450.00 	  -104.00
  451.00 	  -104.00
  452.00 	  -104.00
  453.00 	  -104.00
  454.00 	  -104.00
  455.00 	  -104.00
  456.00 	  -104.00
  457.00 	  -104.00
  458.00 	  -104.00
  459.00 	  -104.00
  460.00 	  -104.00
  460.00 	  -104.00
  461.00 	  -104.00
  462.00 	  -104.00
  463.00 	  -104.00
  464.00 	  -104.00
  465.00 	  -104.00
  466.00 	  -104.00
  467.00 	  -104.00
  468.00 	  -104.00
  469.00 	  -104.00
  470.00 	  -104.00
  471.00 	  -104.00
  472.00 	  -104.00
  473.00 	  -104.00
  474.00 	  -104.00
  475.00 	  -104.00
  476.00 	  -104.00
  476.00 	  -104.00
  477.00 	  -104.00
  478.00 	  -104.00
  479.00 	  -104.00
  480.00 	  -104.00
  481.00 	  -104.00
  482.00 	  -104.00
  483.00 	  -104.00
  484.00 	  -104.00
  485.00 	  -104.00
  486.00 	  -104.00
  487.00 	  -104.00
  487.00 	  -104.00
  488.00 	  -104.00
  489.00 	  -104.00
  490.00 	  -104.00
  491.00 	  -104.00
  492.00 	  -104.00
  493.00 	  -104.00
  494.00 	  -104.00
  495.00 	  -104.00
  496.00 	  -104.00
  497.00 	  -104.00
  498.00 	  -104.00
  498.00 	  -104.00
  499.00 	  -104.00
  500.00 	  -104.00
  501.00 	  -104.00
  502.00 	  -104.00
  503.00 	  -104.00
  504.00 	  -104.00
  505.00 	  -104.00
  506.00 	  -104.00
  507.00 	  -104.00
  508.00 	  -104.00
  509.00 	  -104.00
  510.00 	  -104.00
  510.00 	  -104.00
  511.00 	  -104.00
  512.00 	  -104.00
  513.00 	  -104.00
  514.00 	  -104.00
  515.00 	  -105.00
  516.00 	  -105.00
  517.00 	  -105.00
  518.00 	  -105.00
  519.00 	  -105.00
  520.00 	  -105.00
  521.00 	  -105.00
  522.00 	  -105.00
  523.00 	  -105.00
  523.00 	  -105.00
  524.00 	  -105.00
  525.00 	  -105.00
  526.00 	  -105.00
  527.00 	  -105.00
  528.00 	  -105.00
  529.00 	  -105.00
  530.00 	  -105.00
  531.00 	  -105.00
  532.00 	  -105.00
  533.00 	  -105.00
  534.00 	  -105.00
  535.00 	  -105.00
  536.00 	  -105.00
  537.00 	  -105.00
  538.00 	  -105.00
  539.00 	  -105.00
  540.00 	  -105.00
  541.00 	  -105.00
  542.00 	  -105.00
  543.00 	  -105.00
  544.00 	  -105.00
  545.00 	  -105.00
  546.00 	  -105.00
  547.00 	  -105.00
  548.00 	  -105.00
  549.00 	  -105.00
  550.00 	  -105.00
  551.00 	  -105.00
  552.00 	  -105.00
  553.00 	  -105.00
  554.00 	  -105.00
  555.00 	  -105.00
  556.00 	  -105.00
  557.00 	  -105.00
  558.00 	  -105.00
  559.00 	  -105.00
  560.00 	  -105.00
  561.00 	  -105.00
  562.00 	  -105.00
  563.00 	  -105.00
  564.00 	  -105.00
  565.00 	  -105.00
  566.00 	  -105.00
  567.00 	  -105.00
  568.00 	  -105.00
  569.00 	  -105.00
  570.00 	  -105.00
  571.00 	  -105.00
  573.00 	  -105.00
  574.00 	  -105.00
  575.00 	  -105.00
  576.00 	  -105.00
  577.00 	  -105.00
  578.00 	  -105.00
  579.00 	  -105.00
  580.00 	  -105.00
  581.00 	  -105.00
  582.00 	  -105.00
  583.00 	  -105.00
  584.00 	  -105.00
  585.00 	  -105.00
  586.00 	  -105.00
  588.00 	  -105.00
  589.00 	  -105.00
  590.00 	  -105.00
  591.00 	  -105.00
  592.00 	  -105.00
  593.00 	  -105.00
  594.00 	  -105.00
  595.00 	  -105.00
  596.00 	  -105.00
  598.00 	  -106.00
  599.00 	  -106.00
  600.00 	  -106.00
  601.00 	  -106.00
  602.00 	  -106.00
  603.00 	  -106.00
  604.00 	  -106.00
  605.00 	  -106.00
  607.00 	  -106.00
  608.00 	  -106.00
  609.00 	  -106.00
  610.00 	  -106.00
  611.00 	  -106.00
  612.00 	  -106.00
  613.00 	  -106.00
  615.00 	  -106.00
  616.00 	  -106.00
  617.00 	  -106.00
  618.00 	  -106.00
  619.00 	  -106.00
  620.00 	  -106.00
  621.00 	  -106.00
  623.00 	  -106.00
  624.00 	  -106.00
  625.00 	  -106.00
  626.00 	  -106.00
  627.00 	  -106.00
  628.00 	  -106.00
  629.00 	  -106.00
  631.00 	  -106.00
  632.00 	  -106.00
  633.00 	  -106.00
  634.00 	  -106.00
  635.00 	  -106.00
  636.00 	  -106.00
  637.00 	  -106.00
  639.00 	  -106.00
  640.00 	  -106.00
  641.00 	  -106.00
  642.00 	  -106.00
  643.00 	  -106.00
  644.00 	  -106.00
  645.00 	  -106.00
  647.00 	  -106.00
  648.00 	  -106.00
  649.00 	  -106.00
  650.00 	  -106.00
  651.00 	  -106.00
  652.00 	  -106.00
  653.00 	  -106.00
  655.00 	  -106.00
  656.00 	  -106.00
  657.00 	  -106.00
  658.00 	  -106.00
  659.00 	  -106.00
  660.00 	  -106.00
  661.00 	  -106.00
  662.00 	  -106.00
  664.00 	  -106.00
  665.00 	  -106.00
  666.00 	  -106.00
  667.00 	  -106.00
  668.00 	  -106.00
  669.00 	  -106.00
  670.00 	  -106.00
  671.00 	  -106.00
  672.00 	  -106.00
  673.00 	  -106.00
  675.00 	  -106.00
  676.00 	  -106.00
  677.00 	  -106.00
  678.00 	  -106.00
  679.00 	  -106.00
  680.00 	  -106.00
  681.00 	  -106.00
  682.00 	  -106.00
  683.00 	  -106.00
  684.00 	  -106.00
  685.00 	  -106.00
  686.00 	  -106.00
  687.00 	  -106.00
  688.00 	  -106.00
  690.00 	  -106.00
  691.00 	  -106.00
  692.00 	  -106.00
  693.00 	  -106.00
  694.00 	  -106.00
  695.00 	  -106.00
  696.00 	  -106.00
  697.00 	  -106.00
  698.00 	  -106.00
  699.00 	  -106.00
  700.00 	  -106.00
  701.00 	  -106.00
  702.00 	  -106.00
  703.00 	  -106.00
  704.00 	  -106.00
  705.00 	  -106.00
  706.00 	  -106.00
  707.00 	  -106.00
  708.00 	  -106.00
  709.00 	  -106.00
  710.00 	  -106.00
  711.00 	  -106.00
  712.00 	  -106.00
  713.00 	  -106.00
  713.00 	  -106.00
  714.00 	  -106.00
  715.00 	  -106.00
  716.00 	  -105.00
  717.00 	  -105.00
  718.00 	  -105.00
  719.00 	  -105.00
  720.00 	  -105.00
  721.00 	  -105.00
  722.00 	  -105.00
  723.00 	  -105.00
  723.00 	  -105.00
  724.00 	  -105.00
  725.00 	  -105.00
  726.00 	  -105.00
  727.00 	  -105.00
  728.00 	  -105.00
  729.00 	  -105.00
  729.00 	  -105.00
  730.00 	  -105.00
  731.00 	  -105.00
  732.00 	  -105.00
  733.00 	  -105.00
  733.00 	  -105.00
  734.00 	  -105.00
  735.00 	  -105.00
  736.00 	  -105.00
  737.00 	  -105.00
  737.00 	  -105.00
  738.00 	  -105.00
  739.00 	  -105.00
  740.00 	  -105.00
  740.00 	  -105.00
  741.00 	  -105.00
  742.00 	  -105.00
  743.00 	  -105.00
  743.00 	  -105.00
  744.00 	  -105.00
  745.00 	  -105.00
  745.00 	  -105.00
  746.00 	  -105.00
  747.00 	  -105.00
  747.00 	  -105.00
  748.00 	  -105.00
  749.00 	  -105.00
  749.00 	  -104.00
  750.00 	  -104.00
  750.00 	  -104.00
  751.00 	  -104.00
  752.00 	  -104.00
  752.00 	  -104.00
  753.00 	  -104.00
  753.00 	  -104.00
  754.00 	  -104.00
  755.00 	  -104.00
  756.00 	  -104.00
  758.00 	  -104.00
  759.00 	  -104.00
  761.00 	  -104.00
  762.00 	  -104.00
  763.00 	  -103.00
  765.00 	  -103.00
  766.00 	  -103.00
  767.00 	  -103.00
  768.00 	  -103.00
  769.00 	  -103.00
  770.00 	  -102.00
  770.00 	  -102.00
  771.00 	  -102.00
  772.00 	  -102.00
  773.00 	  -102.00
  773.00 	  -102.00
  774.00 	  -101.00
  775.00 	  -101.00
  775.00 	  -101.00
  776.00 	  -101.00
  776.00 	  -101.00
  777.00 	  -100.00
  777.00 	  -100.00
  778.00 	  -100.00
  778.00 	  -100.00
  779.00 	  -100.00
  779.00 	  -100.00
  780.00 	   -99.00
  780.00 	   -99.00
  781.00 	   -99.00
  781.00 	   -99.00
  782.00 	   -98.00
  782.00 	   -98.00
  783.00 	   -98.00
  784.00 	   -98.00
  784.00 	   -98.00
  785.00 	   -97.00
  785.00 	   -97.00
  786.00 	   -97.00
  787.00 	   -97.00
  788.00 	   -97.00
  789.00 	   -96.00
  789.00 	   -96.00
  790.00 	   -96.00
  791.00 	   -96.00
  792.00 	   -96.00
  793.00 	   -95.00
  795.00 	   -95.00
  796.00 	   -95.00
  797.00 	   -95.00
  798.00 	   -95.00
  800.00 	   -94.00
  801.00 	   -94.00
  803.00 	   -94.00
  805.00 	   -94.00
  807.00 	   -94.00
  808.00 	   -93.00
  810.00 	   -93.00
  813.00 	   -93.00
  813.00 	   -93.00
  814.00 	   -93.00
  815.00 	   -93.00
  815.00 	   -93.00
  816.00 	   -93.00
  817.00 	   -93.00
  818.00 	   -93.00
  818.00 	   -93.00
  819.00 	   -92.00
  820.00 	   -92.00
  821.00 	   -92.00
  822.00 	   -92.00
  822.00 	   -92.00
  823.00 	   -92.00
  824.00 	   -92.00
  825.00 	   -92.00
  826.00 	   -92.00
  827.00 	   -92.00
  827.00 	   -92.00
  828.00 	   -92.00
  829.00 	   -92.00
  830.00 	   -92.00
  831.00 	   -92.00
  832.00 	   -92.00
  833.00 	   -92.00
  834.00 	   -92.00
  835.00 	   -91.00
  836.00 	   -91.00
  837.00 	   -91.00
  838.00 	   -91.00
  838.00 	   -91.00
  839.00 	   -91.00
  840.00 	   -91.00
  841.00 	   -91.00
  842.00 	   -91.00
  843.00 	   -91.00
  844.00 	   -91.00
  845.00 	   -91.00
  846.00 	   -91.00
  847.00 	   -91.00
  848.00 	   -91.00
  849.00 	   -91.00
  851.00 	   -91.00
  852.00 	   -91.00
  853.00 	   -91.00
  854.00 	   -91.00
  855.00 	   -90.00
  856.00 	   -90.00
  857.00 	   -90.00
  858.00 	   -90.00
  859.00 	   -90.00
  860.00 	   -90.00
  861.00 	   -90.00
  862.00 	   -90.00
  863.00 	   -90.00
  864.00 	   -90.00
  866.00 	   -90.00
  867.00 	   -90.00
  868.00 	   -90.00
  869.00 	   -90.00
  870.00 	   -90.00
  871.00 	   -90.00
  872.00 	   -90.00
  873.00 	   -90.00
  875.00 	   -90.00
  876.00 	   -90.00
  877.00 	   -90.00
  878.00 	   -90.00
  879.00 	   -89.00
  880.00 	   -89.00
  881.00 	   -89.00
  883.00 	   -89.00
  884.00 	   -89.00
  885.00 	   -89.00
  886.00 	   -89.00
  887.00 	   -89.00
  888.00 	   -89.00
  889.00 	   -89.00
  891.00 	   -89.00
  892.00 	   -89.00
  893.00 	   -89.00
  894.00 	   -89.00
  895.00 	   -89.00
  896.00 	   -89.00
  898.00 	   -89.00
  899.00 	   -89.00
  900.00 	   -89.00
  901.00 	   -89.00
  902.00 	   -89.00
  903.00 	   -89.00
  905.00 	   -89.00
  906.00 	   -89.00
  907.00 	   -89.00
  908.00 	   -88.00
  909.00 	   -88.00
  910.00 	   -88.00
  912.00 	   -88.00
  913.00 	   -88.00
  914.00 	   -88.00
  915.00 	   -88.00
  916.00 	   -88.00
  917.00 	   -88.00
  919.00 	   -88.00
  920.00 	   -88.00
  921.00 	   -88.00
  922.00 	   -88.00
  923.00 	   -88.00
  924.00 	   -88.00
  926.00 	   -88.00
  927.00 	   -88.00
  928.00 	   -88.00
  929.00 	   -88.00
  930.00 	   -88.00
  931.00 	   -88.00
  932.00 	   -88.00
  933.00 	   -88.00
  935.00 	   -88.00
  936.00 	   -88.00
  937.00 	   -88.00
  938.00 	   -88.00
  939.00 	   -88.00
  940.00 	   -87.00
  941.00 	   -87.00
  942.00 	   -87.00
  943.00 	   -87.00
  945.00 	   -87.00
  946.00 	   -87.00
  947.00 	   -87.00
  948.00 	   -87.00
  949.00 	   -87.00
  950.00 	   -87.00
  951.00 	   -87.00
  952.00 	   -87.00
  953.00 	   -87.00
  954.00 	   -87.00
  955.00 	   -87.00
  956.00 	   -87.00
  957.00 	   -87.00
  958.00 	   -87.00
  959.00 	   -87.00
  960.00 	   -87.00
  961.00 	   -87.00
  962.00 	   -87.00
  963.00 	   -87.00
  964.00 	   -87.00
  965.00 	   -87.00
  966.00 	   -87.00
  967.00 	   -87.00
  968.00 	   -87.00
  969.00 	   -87.00
  970.00 	   -87.00
  971.00 	   -87.00
  972.00 	   -87.00
  973.00 	   -87.00
  974.00 	   -87.00
  975.00 	   -87.00
  975.00 	   -87.00
  976.00 	   -86.00
  977.00 	   -86.00
  978.00 	   -86.00
  979.00 	   -86.00
  980.00 	   -86.00
  981.00 	   -86.00
  981.00 	   -86.00
  982.00 	   -86.00
  983.00 	   -86.00
  984.00 	   -86.00
  985.00 	   -86.00
  985.00 	   -86.00
  986.00 	   -86.00
  987.00 	   -86.00
  988.00 	   -86.00
  989.00 	   -86.00
  989.00 	   -86.00
  990.00 	   -86.00
  991.00 	   -86.00
  991.00 	   -86.00
  992.00 	   -86.00
  993.00 	   -86.00
  993.00 	   -86.00
  994.00 	   -86.00
  995.00 	   -86.00
  995.00 	   -86.00
  996.00 	   -86.00
  997.00 	   -86.00
 1000.00 	   -86.00
 1003.00 	   -86.00
 1005.00 	   -86.00
 1008.00 	   -85.00
 1010.00 	   -85.00
 1011.00 	   -85.00
 1013.00 	   -85.00
 1014.00 	   -85.00
 1015.00 	   -85.00
 1016.00 	   -85.00
 1017.00 	   -85.00
 1017.00 	   -85.00
 1018.00 	   -85.00
 1018.00 	   -85.00
 1018.00 	   -85.00
 1018.00 	   -85.00
 1018.00 	   -85.00
 1019.00 	   -85.00
 1019.00 	   -85.00
 1019.00 	   -85.00
 1019.00 	   -85.00
 1019.00 	   -85.00
 1019.00 	   -85.00
 1019.00 	   -85.00
 1020.00 	   -85.00
 1020.00 	   -85.00
 1021.00 	   -85.00
 1022.00 	   -85.00
 1023.00 	   -85.00
 1024.00 	   -85.00
 1026.00 	   -85.00
 1027.00 	   -85.00
 1029.00 	   -85.00
 1030.00 	   -85.00
 1030.00 	   -85.00
 1031.00 	   -85.00
 1031.00 	   -85.00
 1032.00 	   -85.00
 1032.00 	   -85.00
 1033.00 	   -85.00
 1034.00 	   -85.00
 1034.00 	   -85.00
 1035.00 	   -85.00
 1035.00 	   -85.00
 1036.00 	   -85.00
 1037.00 	   -85.00
 1037.00 	   -85.00
 1038.00 	   -85.00
 1039.00 	   -85.00
 1040.00 	   -85.00
 1040.00 	   -85.00
 1041.00 	   -85.00
 1042.00 	   -85.00
 1043.00 	   -85.00
 1043.00 	   -85.00
 1044.00 	   -85.00
 1045.00 	   -85.00
 1046.00 	   -85.00
 1047.00 	   -85.00
 1047.00 	   -85.00
 1048.00 	   -85.00
 1049.00 	   -85.00
 1050.00 	   -85.00
 1051.00 	   -85.00
 1052.00 	   -85.00
 1053.00 	   -85.00
 1053.00 	   -85.00
 1054.00 	   -85.00
 1055.00 	   -85.00
 1056.00 	   -85.00
 1057.00 	   -85.00
 1058.00 	   -85.00
 1059.00 	   -86.00
 1060.00 	   -86.00
 1061.00 	   -86.00
 1062.00 	   -86.00
 1063.00 	   -86.00
 1064.00 	   -86.00
 1065.00 	   -86.00
 1066.00 	   -86.00
 1067.00 	   -86.00
 1068.00 	   -86.00
 1069.00 	   -86.00
 1070.00 	   -86.00
 1071.00 	   -86.00
 1072.00 	   -86.00
 1073.00 	   -86.00
 1074.00 	   -86.00
 1075.00 	   -86.00
 1076.00 	   -86.00
 1077.00 	   -86.00
 1079.00 	   -86.00
 1080.00 	   -86.00
 1081.00 	   -86.00
 1082.00 	   -86.00
 1083.00 	   -86.00
 1084.00 	   -86.00
 1085.00 	   -86.00
 1086.00 	   -86.00
 1087.00 	   -86.00
 1088.00 	   -86.00
 1090.00 	   -86.00
 1091.00 	   -86.00
 1092.00 	   -86.00
 1093.00 	   -86.00
 1094.00 	   -86.00
 1095.00 	   -86.00
 1096.00 	   -86.00
 1098.00 	   -86.00
 1099.00 	   -86.00
 1100.00 	   -86.00
 1101.00 	   -86.00
 1102.00 	   -86.00
 1103.00 	   -86.00
 1105.00 	   -86.00
 1106.00 	   -86.00
 1107.00 	   -86.00
 1108.00 	   -86.00
 1109.00 	   -86.00
 1110.00 	   -86.00
 1112.00 	   -86.00
 1113.00 	   -86.00
 1114.00 	   -86.00
 1115.00 	   -86.00
 1116.00 	   -86.00
 1117.00 	   -86.00
 1119.00 	   -87.00
 1120.00 	   -87.00
 1121.00 	   -87.00
 1122.00 	   -87.00
 1123.00 	   -87.00
 1124.00 	   -87.00
 1126.00 	   -87.00
 1127.00 	   -87.00
 1128.00 	   -87.00
 1129.00 	   -87.00
 1130.00 	   -87.00
 1131.00 	   -87.00
 1132.00 	   -87.00
 1134.00 	   -87.00
 1135.00 	   -87.00
 1136.00 	   -87.00
 1137.00 	   -87.00
 1138.00 	   -87.00
 1139.00 	   -87.00
 1140.00 	   -87.00
 1142.00 	   -87.00
 1143.00 	   -87.00
 1144.00 	   -87.00
 1145.00 	   -87.00
 1146.00 	   -87.00
 1147.00 	   -87.00
 1148.00 	   -87.00
 1149.00 	   -87.00
 1150.00 	   -87.00
 1151.00 	   -87.00
 1153.00 	   -87.00
 1154.00 	   -87.00
 1155.00 	   -87.00
 1156.00 	   -87.00
 1157.00 	   -87.00
 1158.00 	   -87.00
 1159.00 	   -87.00
 1160.00 	   -87.00
 1161.00 	   -87.00
 1162.00 	   -87.00
 1163.00 	   -87.00
 1164.00 	   -87.00
 1165.00 	   -87.00
 1166.00 	   -87.00
 1167.00 	   -87.00
 1168.00 	   -87.00
 1169.00 	   -87.00
 1170.00 	   -87.00
 1171.00 	   -87.00
 1172.00 	   -87.00
 1174.00 	   -87.00
 1175.00 	   -87.00
 1177.00 	   -87.00
 1179.00 	   -87.00
 1181.00 	   -87.00
 1182.00 	   -87.00
 1184.00 	   -87.00
 1186.00 	   -87.00
 1187.00 	   -87.00
 1189.00 	   -87.00
 1190.00 	   -87.00
 1192.00 	   -87.00
 1193.00 	   -87.00
 1195.00 	   -87.00
 1196.00 	   -87.00
 1198.00 	   -87.00
 1199.00 	   -87.00
 1200.00 	   -87.00
 1202.00 	   -86.00
 1203.00 	   -86.00
 1204.00 	   -86.00
 1205.00 	   -86.00
 1206.00 	   -86.00
 1208.00 	   -86.00
 1209.00 	   -86.00
 1210.00 	   -86.00
 1211.00 	   -86.00
 1212.00 	   -86.00
 1213.00 	   -86.00
 1214.00 	   -86.00
 1215.00 	   -86.00
 1216.00 	   -86.00
 1217.00 	   -86.00
 1218.00 	   -86.00
 1219.00 	   -86.00
 1220.00 	   -86.00
 1221.00 	   -86.00
 1222.00 	   -86.00
 1222.00 	   -86.00
 1223.00 	   -86.00
 1224.00 	   -85.00
 1225.00 	   -85.00
 1226.00 	   -85.00
 1226.00 	   -85.00
 1227.00 	   -85.00
 1228.00 	   -85.00
 1228.00 	   -85.00
 1229.00 	   -85.00
 1230.00 	   -85.00
 1230.00 	   -85.00
 1231.00 	   -85.00
 1232.00 	   -85.00
 1232.00 	   -85.00
 1233.00 	   -85.00
 1234.00 	   -85.00
 1234.00 	   -85.00
 1235.00 	   -85.00
 1235.00 	   -85.00
 1236.00 	   -84.00
 1236.00 	   -84.00
 1237.00 	   -84.00
 1237.00 	   -84.00
 1238.00 	   -84.00
 1239.00 	   -84.00
 1239.00 	   -84.00
 1240.00 	   -84.00
 1240.00 	   -84.00
 1240.00 	   -84.00
 1241.00 	   -84.00
 1241.00 	   -84.00
 1242.00 	   -84.00
 1243.00 	   -84.00
 1243.00 	   -84.00
 1244.00 	   -84.00
 1245.00 	   -84.00
 1245.00 	   -83.00
 1246.00 	   -83.00
 1246.00 	   -83.00
 1247.00 	   -83.00
 1248.00 	   -83.00
 1248.00 	   -83.00
 1249.00 	   -83.00
 1250.00 	   -83.00
 1250.00 	   -83.00
 1251.00 	   -83.00
 1252.00 	   -83.00
 1252.00 	   -83.00
 1253.00 	   -83.00
 1254.00 	   -83.00
 1255.00 	   -83.00
 1255.00 	   -83.00
 1256.00 	   -83.00
 1257.00 	   -83.00
 1258.00 	   -83.00
 1259.00 	   -83.00
 1259.00 	   -83.00
 1260.00 	   -83.00
 1261.00 	   -83.00
 1262.00 	   -83.00
 1263.00 	   -83.00
 1264.00 	   -83.00
 1265.00 	   -83.00
 1266.00 	   -83.00
 1267.00 	   -83.00
 1268.00 	   -83.00
 1269.00 	   -83.00
 1271.00 	   -83.00
 1272.00 	   -83.00
 1273.00 	   -83.00
 1274.00 	   -83.00
 1276.00 	   -83.00
 1277.00 	   -83.00
 1279.00 	   -83.00
 1280.00 	   -83.00
 1282.00 	   -83.00
 1283.00 	   -83.00
 1285.00 	   -83.00
 1286.00 	   -84.00
 1288.00 	   -84.00
 1290.00 	   -84.00
 1290.00 	   -84.00
 1291.00 	   -84.00
 1291.00 	   -84.00
 1292.00 	   -85.00
 1292.00 	   -85.00
 1292.00 	   -85.00
 1293.00 	   -85.00
 1293.00 	   -85.00
 1294.00 	   -85.00
 1294.00 	   -85.00
 1295.00 	   -86.00
 1295.00 	   -86.00
 1296.00 	   -86.00
 1296.00 	   -86.00
 1297.00 	   -86.00
 1297.00 	   -86.00
 1298.00 	   -86.00
 1298.00 	   -86.00
 1299.00 	   -87.00
 1299.00 	   -87.00
 1300.00 	   -87.00
 1300.00 	   -87.00
 1301.00 	   -87.00
 1301.00 	   -87.00
 1302.00 	   -87.00
 1303.00 	   -88.00
 1303.00 	   -88.00
 1304.00 	   -88.00
 1304.00 	   -88.00
 1305.00 	   -88.00
 1306.00 	   -88.00
 1306.00 	   -88.00
 1307.00 	   -88.00
 1308.00 	   -89.00
 1308.00 	   -89.00
 1309.00 	   -89.00
 1310.00 	   -89.00
 1310.00 	   -89.00
 1311.00 	   -89.00
 1312.00 	   -89.00
 1313.00 	   -89.00
 1313.00 	   -89.00
 1314.00 	   -90.00
 1315.00 	   -90.00
 1316.00 	   -90.00
 1316.00 	   -90.00
 1317.00 	   -90.00
 1318.00 	   -90.00
 1319.00 	   -90.00
 1320.00 	   -90.00
 1320.00 	   -91.00
 1321.00 	   -91.00
 1322.00 	   -91.00
 1323.00 	   -91.00
 1324.00 	   -91.00
 1324.00 	   -91.00
 1325.00 	   -91.00
 1326.00 	   -91.00
 1327.00 	   -91.00
 1328.00 	   -91.00
 1329.00 	   -92.00
 1330.00 	   -92.00
 1331.00 	   -92.00
 1331.00 	   -92.00
 1332.00 	   -92.00
 1333.00 	   -92.00
 1334.00 	   -92.00
 1335.00 	   -92.00
 1336.00 	   -92.00
 1337.00 	   -93.00
 1338.00 	   -93.00
 1339.00 	   -93.00
 1340.00 	   -93.00
 1341.00 	   -93.00
 1342.00 	   -93.00
 1343.00 	   -93.00
 1344.00 	   -93.00
 1345.00 	   -93.00
 1346.00 	   -93.00
 1347.00 	   -93.00
 1348.00 	   -94.00
 1349.00 	   -94.00
 1350.00 	   -94.00
 1351.00 	   -94.00
 1352.00 	   -94.00
 1353.00 	   -94.00
 1354.00 	   -94.00
 1355.00 	   -94.00
 1356.00 	   -94.00
 1357.00 	   -94.00
 1358.00 	   -94.00
 1359.00 	   -95.00
 1360.00 	   -95.00
 1361.00 	   -95.00
 1362.00 	   -95.00
 1364.00 	   -95.00
 1365.00 	   -95.00
 1366.00 	   -95.00
 1367.00 	   -95.00
 1368.00 	   -95.00
 1369.00 	   -95.00
 1370.00 	   -95.00
 1371.00 	   -95.00
 1372.00 	   -96.00
 1374.00 	   -96.00
 1375.00 	   -96.00
 1376.00 	   -96.00
 1377.00 	   -96.00
 1378.00 	   -96.00
 1379.00 	   -96.00
 1380.00 	   -96.00
 1382.00 	   -96.00
 1383.00 	   -96.00
 1384.00 	   -96.00
 1385.00 	   -96.00
 1386.00 	   -96.00
 1388.00 	   -97.00
 1389.00 	   -97.00
 1390.00 	   -97.00
 1391.00 	   -97.00
 1392.00 	   -97.00
 1394.00 	   -97.00
 1395.00 	   -97.00
 1396.00 	   -97.00
 1397.00 	   -97.00
 1398.00 	   -97.00
 1400.00 	   -97.00
 1401.00 	   -97.00
 1402.00 	   -97.00
 1403.00 	   -97.00
 1405.00 	   -98.00
 1406.00 	   -98.00
 1407.00 	   -98.00
 1408.00 	   -98.00
 1410.00 	   -98.00
 1411.00 	   -98.00
 1412.00 	   -98.00
 1413.00 	   -98.00
 1415.00 	   -98.00
 1416.00 	   -98.00
 1417.00 	   -98.00
 1418.00 	   -98.00
 1420.00 	   -98.00
 1421.00 	   -98.00
 1422.00 	   -98.00
 1424.00 	   -98.00
 1425.00 	   -99.00
 1426.00 	   -99.00
 1427.00 	   -99.00
 1429.00 	   -99.00
 1430.00 	   -99.00
 1431.00 	   -99.00
 1433.00 	   -99.00
 1434.00 	   -99.00
 1435.00 	   -99.00
 1437.00 	   -99.00
 1438.00 	   -99.00
 1439.00 	   -99.00
 1440.00 	   -99.00
 1442.00 	   -99.00
 1443.00 	   -99.00
 1444.00 	   -99.00
 1446.00 	   -99.00
 1447.00 	   -99.00
 1448.00 	  -100.00
 1450.00 	  -100.00
 1451.00 	  -100.00
 1452.00 	  -100.00
 1454.00 	  -100.00
 1455.00 	  -100.00
 1456.00 	  -100.00
 1458.00 	  -100.00
 1459.00 	  -100.00
 1460.00 	  -100.00
 1462.00 	  -100.00
 1463.00 	  -100.00
 1464.00 	  -100.00
 1466.00 	  -100.00
 1467.00 	  -100.00
 1468.00 	  -100.00
 1470.00 	  -100.00
 1471.00 	  -100.00
 1472.00 	  -100.00
 1473.00 	  -100.00
 1474.00 	  -100.00
 1475.00 	  -100.00
 1477.00 	  -101.00
 1478.00 	  -101.00
 1479.00 	  -101.00
 1480.00 	  -101.00
 1481.00 	  -101.00
 1483.00 	  -101.00
 1484.00 	  -101.00
 1485.00 	  -101.00
 1486.00 	  -101.00
 1487.00 	  -101.00
 1488.00 	  -101.00
 1490.00 	  -101.00
 1491.00 	  -101.00
 1492.00 	  -101.00
 1493.00 	  -101.00
 1494.00 	  -101.00
 1496.00 	  -101.00
 1497.00 	  -101.00
 1498.00 	  -101.00
 1499.00 	  -101.00
 1500.00 	  -101.00
 1501.00 	  -101.00
 1503.00 	  -101.00
 1504.00 	  -101.00
 1505.00 	  -101.00
 1506.00 	  -101.00
 1507.00 	  -101.00
 1509.00 	  -101.00
 1510.00 	  -101.00
 1511.00 	  -101.00
 1512.00 	  -102.00
 1513.00 	  -102.00
 1514.00 	  -102.00
 1516.00 	  -102.00
 1517.00 	  -102.00
 1518.00 	  -102.00
 1519.00 	  -102.00
 1520.00 	  -102.00
 1521.00 	  -102.00
 1523.00 	  -102.00
 1524.00 	  -102.00
 1525.00 	  -102.00
 1526.00 	  -102.00
 1527.00 	  -102.00
 1528.00 	  -102.00
 1530.00 	  -102.00
 1531.00 	  -102.00
 1532.00 	  -102.00
 1533.00 	  -102.00
 1534.00 	  -102.00
 1535.00 	  -102.00
 1537.00 	  -102.00
 1538.00 	  -102.00
 1539.00 	  -102.00
 1540.00 	  -102.00
 1541.00 	  -102.00
 1542.00 	  -102.00
 1543.00 	  -102.00
 1545.00 	  -102.00
 1546.00 	  -102.00
 1547.00 	  -102.00
 1548.00 	  -102.00
 1549.00 	  -102.00
 1550.00 	  -102.00
 1551.00 	  -102.00
 1553.00 	  -102.00
 1554.00 	  -102.00
 1555.00 	  -102.00
 1556.00 	  -102.00
 1557.00 	  -102.00
 1558.00 	  -102.00
 1559.00 	  -102.00
 1560.00 	  -103.00
 1562.00 	  -103.00
 1563.00 	  -103.00
 1564.00 	  -103.00
 1565.00 	  -103.00
 1566.00 	  -103.00
 1567.00 	  -103.00
 1568.00 	  -103.00
 1569.00 	  -103.00
 1570.00 	  -103.00
 1571.00 	  -103.00
 1573.00 	  -103.00
 1574.00 	  -103.00
 1575.00 	  -103.00
 1576.00 	  -103.00
 1577.00 	  -103.00
 1578.00 	  -103.00
 1579.00 	  -103.00
 1580.00 	  -103.00
 1581.00 	  -103.00
 1582.00 	  -103.00
 1583.00 	  -103.00
 1584.00 	  -103.00
 1586.00 	  -103.00
 1587.00 	  -103.00
 1588.00 	  -103.00
 1589.00 	  -103.00
 1590.00 	  -103.00
 1591.00 	  -103.00
 1592.00 	  -103.00
 1593.00 	  -103.00
 1594.00 	  -103.00
 1595.00 	  -103.00
 1596.00 	  -103.00
 1597.00 	  -103.00
 1598.00 	  -103.00
 1599.00 	  -103.00
 1600.00 	  -103.00
 1601.00 	  -103.00
 1602.00 	  -103.00
 1603.00 	  -103.00
 1604.00 	  -103.00
 1605.00 	  -103.00
 1606.00 	  -103.00
 1607.00 	  -103.00
 1608.00 	  -103.00
 1609.00 	  -103.00
 1610.00 	  -103.00
 1611.00 	  -103.00
 1612.00 	  -103.00
 1613.00 	  -103.00
 1614.00 	  -103.00
 1615.00 	  -103.00
 1616.00 	  -103.00
 1617.00 	  -103.00
 1618.00 	  -103.00
 1619.00 	  -103.00
 1620.00 	  -103.00
 1621.00 	  -103.00
 1622.00 	  -103.00
 1623.00 	  -103.00
 1623.00 	  -103.00
 1624.00 	  -103.00
 1625.00 	  -103.00
 1626.00 	  -103.00
 1627.00 	  -103.00
 1628.00 	  -103.00
 1629.00 	  -103.00
 1630.00 	  -103.00
 1631.00 	  -103.00
 1632.00 	  -103.00
 1633.00 	  -103.00
 1633.00 	  -103.00
 1634.00 	  -103.00
 1635.00 	  -103.00
 1636.00 	  -103.00
 1637.00 	  -103.00
 1638.00 	  -103.00
 1639.00 	  -103.00
 1639.00 	  -103.00
 1640.00 	  -103.00
 1641.00 	  -103.00
 1642.00 	  -103.00
 1643.00 	  -103.00
 1644.00 	  -103.00
 1644.00 	  -104.00
 1645.00 	  -104.00
 1646.00 	  -104.00
 1647.00 	  -104.00
 1648.00 	  -104.00
 1648.00 	  -104.00
 1649.00 	  -104.00
 1650.00 	  -104.00
 1651.00 	  -104.00
 1652.00 	  -104.00
 1652.00 	  -104.00
 1653.00 	  -104.00
 1654.00 	  -104.00
 1655.00 	  -104.00
 1655.00 	  -104.00
 1656.00 	  -104.00
 1657.00 	  -104.00
 1658.00 	  -104.00
 1658.00 	  -104.00
 1659.00 	  -104.00
 1660.00 	  -104.00
 1660.00 	  -104.00
 1661.00 	  -104.00
 1662.00 	  -104.00
 1663.00 	  -104.00
 1663.00 	  -104.00
 1664.00 	  -104.00
 1665.00 	  -104.00
 1665.00 	  -104.00
 1666.00 	  -104.00
 1667.00 	  -104.00
 1667.00 	  -104.00
 1668.00 	  -104.00
 1668.00 	  -104.00
 1669.00 	  -104.00
 1670.00 	  -104.00
 1670.00 	  -104.00
 1671.00 	  -104.00
 1672.00 	  -104.00
 1672.00 	  -104.00
 1673.00 	  -104.00
 1673.00 	  -104.00
 1674.00 	  -104.00
 1675.00 	  -104.00
 1676.00 	  -104.00
 1678.00 	  -104.00
 1679.00 	  -104.00
 1680.00 	  -104.00
 1681.00 	  -104.00
 1682.00 	  -104.00
 1683.00 	  -104.00
 1684.00 	  -104.00
 1685.00 	  -104.00
 1686.00 	  -104.00
 1687.00 	  -104.00
 1688.00 	  -104.00
 1689.00 	  -104.00
 1690.00 	  -104.00
 1691.00 	  -104.00
 1692.00 	  -104.00
 1693.00 	  -104.00
 1694.00 	  -104.00
 1694.00 	  -104.00
 1695.00 	  -104.00
 1696.00 	  -104.00
 1697.00 	  -104.00
 1698.00 	  -104.00
 1698.00 	  -104.00
 1699.00 	  -104.00
 1700.00 	  -104.00
 1700.00 	  -104.00
 1701.00 	  -104.00
 1702.00 	  -104.00
 1703.00 	  -104.00
 1703.00 	  -104.00
 1704.00 	  -104.00
 1705.00 	  -104.00
 1705.00 	  -104.00
 1706.00 	  -104.00
 1707.00 	  -104.00
 1707.00 	  -104.00
 1708.00 	  -104.00
 1709.00 	  -104.00
 1709.00 	  -104.00
 1710.00 	  -104.00
 1711.00 	  -104.00
 1711.00 	  -104.00
 1712.00 	  -103.00
 1713.00 	  -103.00
 1713.00 	  -103.00
 1714.00 	  -103.00
 1715.00 	  -103.00
 1716.00 	  -103.00
 1716.00 	  -103.00
 1717.00 	  -103.00
 1718.00 	  -103.00
 1719.00 	  -103.00
 1719.00 	  -103.00
 1720.00 	  -103.00
 1721.00 	  -103.00
 1722.00 	  -103.00
 1723.00 	  -103.00
 1724.00 	  -103.00
 1724.00 	  -103.00
 1725.00 	  -103.00
 1726.00 	  -103.00
 1727.00 	  -103.00
 1728.00 	  -103.00
 1729.00 	  -103.00
 1730.00 	  -103.00
 1731.00 	  -103.00
 1732.00 	  -103.00
 1733.00 	  -103.00
 1734.00 	  -103.00
 1736.00 	  -103.00
 1737.00 	  -103.00
 1738.00 	  -103.00
 1739.00 	  -103.00
 1740.00 	  -103.00
 1742.00 	  -103.00
 1743.00 	  -103.00
 1744.00 	  -103.00
 1746.00 	  -103.00
 1747.00 	  -103.00
 1749.00 	  -103.00
 1750.00 	  -103.00
 1752.00 	  -103.00
 1753.00 	  -103.00
 1755.00 	  -103.00
 1756.00 	  -103.00
 1758.00 	  -103.00
 1760.00 	  -103.00
 1762.00 	  -103.00
 1763.00 	  -103.00
 1765.00 	  -103.00
 1766.00 	  -103.00
 1767.00 	  -102.00
 1767.00 	  -102.00
 1768.00 	  -102.00
 1769.00 	  -102.00
 1769.00 	  -102.00
 1770.00 	  -102.00
 1771.00 	  -102.00
 1772.00 	  -102.00
 1772.00 	  -102.00
 1773.00 	  -102.00
 1774.00 	  -102.00
 1774.00 	  -102.00
 1775.00 	  -102.00
 1776.00 	  -102.00
 1777.00 	  -102.00
 1777.00 	  -102.00
 1778.00 	  -102.00
 1779.00 	  -102.00
 1780.00 	  -102.00
 1781.00 	  -102.00
 1781.00 	  -102.00
 1782.00 	  -102.00
 1783.00 	  -102.00
 1784.00 	  -102.00
 1785.00 	  -102.00
 1785.00 	  -102.00
 1786.00 	  -102.00
 1787.00 	  -102.00
 1788.00 	  -102.00
 1789.00 	  -102.00
 1789.00 	  -102.00
 1790.00 	  -102.00
 1791.00 	  -102.00
 1792.00 	  -102.00
 1793.00 	  -102.00
 1794.00 	  -102.00
 1794.00 	  -102.00
 1795.00 	  -102.00
 1796.00 	  -102.00
 1797.00 	  -102.00
 1798.00 	  -102.00
 1799.00 	  -102.00
 1800.00 	  -102.00
 1801.00 	  -102.00
 1801.00 	  -102.00
 1802.00 	  -102.00
 1803.00 	  -102.00
 1804.00 	  -102.00
 1805.00 	  -102.00
 1806.00 	  -102.00
 1807.00 	  -102.00
 1808.00 	  -102.00
 1809.00 	  -102.00
 1810.00 	  -102.00
 1811.00 	  -102.00
 1812.00 	  -102.00
 1812.00 	  -102.00
 1813.00 	  -102.00
 1814.00 	  -102.00
 1815.00 	  -102.00
 1816.00 	  -102.00
 1817.00 	  -102.00
 1818.00 	  -102.00
 1819.00 	  -102.00
 1820.00 	  -102.00
 1821.00 	  -102.00
 1822.00 	  -102.00
 1823.00 	  -102.00
 1824.00 	  -102.00
 1825.00 	  -102.00
 1826.00 	  -102.00
 1827.00 	  -102.00
 1828.00 	  -102.00
 1829.00 	  -102.00
 1830.00 	  -102.00
 1831.00 	  -102.00
 1832.00 	  -102.00
 1833.00 	  -102.00
 1834.00 	  -101.00
 1835.00 	  -101.00
 1836.00 	  -101.00
 1837.00 	  -101.00
 1838.00 	  -101.00
 1839.00 	  -101.00
 1840.00 	  -101.00
 1841.00 	  -101.00
 1842.00 	  -101.00
 1843.00 	  -101.00
 1844.00 	  -101.00
 1845.00 	  -101.00
 1846.00 	  -101.00
 1847.00 	  -101.00
 1848.00 	  -101.00
 1849.00 	  -101.00
 1850.00 	  -101.00
 1851.00 	  -101.00
 1852.00 	  -101.00
 1853.00 	  -101.00
 1854.00 	  -101.00
 1856.00 	  -101.00
 1857.00 	  -101.00
 1858.00 	  -101.00
 1859.00 	  -101.00
 1860.00 	  -101.00
 1861.00 	  -101.00
 1862.00 	  -101.00
 1863.00 	  -101.00
 1864.00 	  -101.00
 1865.00 	  -101.00
 1866.00 	  -101.00
 1867.00 	  -101.00
 1868.00 	  -101.00
 1869.00 	  -101.00
 1871.00 	  -101.00
 1872.00 	  -101.00
 1873.00 	  -101.00
 1874.00 	  -101.00
 1875.00 	  -101.00
 1876.00 	  -101.00
 1877.00 	  -101.00
 1878.00 	  -101.00
 1879.00 	  -101.00
 1880.00 	  -101.00
 1881.00 	  -101.00
 1882.00 	  -101.00
 1884.00 	  -101.00
 1885.00 	  -101.00
 1886.00 	  -101.00
 1887.00 	  -101.00
 1888.00 	  -101.00
 1889.00 	  -101.00
 1890.00 	  -101.00
 1891.00 	  -101.00
 1892.00 	  -101.00
 1893.00 	  -101.00
 1895.00 	  -101.00
 1896.00 	  -101.00
 1897.00 	  -101.00
 1898.00 	  -101.00
 1899.00 	  -101.00
 1900.00 	  -101.00
 1901.00 	  -101.00
 1902.00 	  -101.00
 1903.00 	  -101.00
 1905.00 	  -101.00
 1906.00 	  -101.00
 1907.00 	  -101.00
 1908.00 	  -101.00
 1909.00 	  -100.00
 1910.00 	  -100.00
 1911.00 	  -100.00
 1912.00 	  -100.00
 1913.00 	  -100.00
 1915.00 	  -100.00
 1916.00 	  -100.00
 1917.00 	  -100.00
 1918.00 	  -100.00
 1919.00 	  -100.00
 1920.00 	  -100.00
 1921.00 	  -100.00
 1922.00 	  -100.00
 1924.00 	  -100.00
 1925.00 	  -100.00
 1926.00 	  -100.00
 1927.00 	  -100.00
 1928.00 	  -100.00
 1929.00 	  -100.00
 1930.00 	  -100.00
 1931.00 	  -100.00
 1932.00 	  -100.00
 1934.00 	  -100.00
 1935.00 	  -100.00
 1936.00 	  -100.00
 1937.00 	  -100.00
 1938.00 	  -100.00
 1939.00 	  -100.00
 1940.00 	  -100.00
 1941.00 	  -100.00
 1942.00 	  -100.00
 1943.00 	  -100.00
 1945.00 	  -100.00
 1946.00 	  -100.00
 1947.00 	  -100.00
 1948.00 	  -100.00
 1949.00 	  -100.00
 1950.00 	  -100.00
 1951.00 	  -100.00
 1952.00 	  -100.00
 1953.00 	  -100.00
 1954.00 	  -100.00
 1956.00 	  -100.00
 1957.00 	  -100.00
 1958.00 	  -100.00
 1959.00 	  -100.00
 1960.00 	  -100.00
 1961.00 	  -100.00
 1962.00 	  -100.00
 1963.00 	  -100.00
 1964.00 	  -100.00
 1965.00 	  -100.00
 1966.00 	  -100.00
 1967.00 	  -100.00
 1969.00 	  -100.00
 1970.00 	  -100.00
 1971.00 	  -100.00
 1972.00 	  -100.00
 1973.00 	  -100.00
 1974.00 	  -100.00
 1975.00 	  -100.00
 1976.00 	  -100.00
 1977.00 	  -100.00
 1978.00 	  -100.00
 1979.00 	  -100.00
 1980.00 	  -100.00
 1981.00 	  -100.00
 1982.00 	  -100.00
 1983.00 	  -100.00
 1984.00 	  -100.00
 1986.00 	  -100.00
 1987.00 	  -100.00
 1988.00 	  -100.00
 1989.00 	  -100.00
 1990.00 	  -100.00
 1991.00 	  -100.00
 1992.00 	   -99.00
 1993.00 	   -99.00
 1994.00 	   -99.00
 1995.00 	   -99.00
 1996.00 	   -99.00
 1997.00 	   -99.00
 1998.00 	   -99.00
 1999.00 	   -99.00
 2000.00 	   -99.00
 2001.00 	   -99.00
 2002.00 	   -99.00
 2003.00 	   -99.00
 2004.00 	   -99.00
 2005.00 	   -99.00
 2006.00 	   -99.00
 2007.00 	   -99.00
 2008.00 	   -99.00
 2009.00 	   -99.00
 2010.00 	   -99.00
 2011.00 	   -99.00
 2012.00 	   -99.00
 2013.00 	   -99.00
 2014.00 	   -99.00
 2015.00 	   -99.00
 2016.00 	   -99.00
 2017.00 	   -99.00
 2018.00 	   -99.00
 2018.00 	   -99.00
 2019.00 	   -99.00
 2020.00 	   -99.00
 2021.00 	   -99.00
 2022.00 	   -99.00
 2023.00 	   -99.00
 2024.00 	   -99.00
 2025.00 	   -99.00
 2048.00 	   -99.00
 2067.00 	   -99.00
 2083.00 	   -99.00
 2094.00 	   -99.00
 2100.00 	   -99.00
 2101.00 	   -99.00
 2102.00 	   -99.00
 2104.00 	   -99.00
 2105.00 	   -99.00
 2107.00 	   -99.00
 2108.00 	   -99.00
 2110.00 	   -99.00
 2111.00 	   -99.00
 2113.00 	   -99.00
 2114.00 	   -99.00
 2116.00 	   -99.00
 2117.00 	   -99.00
 2118.00 	   -99.00
 2120.00 	   -99.00
 2121.00 	   -99.00
 2123.00 	   -99.00
 2124.00 	   -99.00
 2126.00 	   -99.00
 2127.00 	   -99.00
 2128.00 	   -99.00
 2130.00 	   -98.00
 2131.00 	   -98.00
 2133.00 	   -98.00
 2134.00 	   -98.00
 2136.00 	   -98.00
 2137.00 	   -98.00
 2138.00 	   -98.00
 2140.00 	   -98.00
 2141.00 	   -98.00
 2143.00 	   -98.00
 2144.00 	   -98.00
 2145.00 	   -98.00
 2147.00 	   -98.00
 2148.00 	   -98.00
 2150.00 	   -98.00
 2151.00 	   -98.00
 2152.00 	   -98.00
 2154.00 	   -98.00
 2155.00 	   -98.00
 2157.00 	   -98.00
 2158.00 	   -98.00
 2159.00 	   -98.00
 2161.00 	   -98.00
 2162.00 	   -98.00
 2163.00 	   -98.00
 2165.00 	   -98.00
 2166.00 	   -98.00
 2168.00 	   -98.00
 2169.00 	   -98.00
 2170.00 	   -98.00
 2172.00 	   -98.00
 2173.00 	   -98.00
 2174.00 	   -98.00
 2176.00 	   -98.00
 2177.00 	   -98.00
 2178.00 	   -98.00
 2180.00 	   -98.00
 2181.00 	   -98.00
 2182.00 	   -98.00
 2184.00 	   -98.00
 2185.00 	   -98.00
 2186.00 	   -98.00
 2188.00 	   -97.00
 2189.00 	   -97.00
 2190.00 	   -97.00
 2192.00 	   -97.00
 2193.00 	   -97.00
 2194.00 	   -97.00
 2196.00 	   -97.00
 2197.00 	   -97.00
 2198.00 	   -97.00
 2200.00 	   -97.00
 2201.00 	   -97.00
 2202.00 	   -97.00
 2204.00 	   -97.00
 2205.00 	   -97.00
 2206.00 	   -97.00
 2207.00 	   -97.00
 2209.00 	   -97.00
 2210.00 	   -97.00
 2211.00 	   -97.00
 2213.00 	   -97.00
 2214.00 	   -97.00
 2215.00 	   -97.00
 2216.00 	   -97.00
 2218.00 	   -97.00
 2219.00 	   -97.00
 2220.00 	   -97.00
 2222.00 	   -97.00
 2223.00 	   -97.00
 2224.00 	   -97.00
 2225.00 	   -97.00
 2227.00 	   -97.00
 2228.00 	   -97.00
 2229.00 	   -97.00
 2230.00 	   -97.00
 2232.00 	   -97.00
 2233.00 	   -97.00
 2234.00 	   -97.00
 2235.00 	   -97.00
 2237.00 	   -97.00
 2238.00 	   -97.00
 2239.00 	   -97.00
 2240.00 	   -97.00
 2242.00 	   -97.00
 2243.00 	   -97.00
 2244.00 	   -97.00
 2245.00 	   -97.00
 2247.00 	   -97.00
 2248.00 	   -96.00
 2249.00 	   -96.00
 2250.00 	   -96.00
 2252.00 	   -96.00
 2253.00 	   -96.00
 2254.00 	   -96.00
 2255.00 	   -96.00
 2256.00 	   -96.00
 2258.00 	   -96.00
 2259.00 	   -96.00
 2260.00 	   -96.00
 2261.00 	   -96.00
 2262.00 	   -96.00
 2264.00 	   -96.00
 2265.00 	   -96.00
 2266.00 	   -96.00
 2267.00 	   -96.00
 2268.00 	   -96.00
 2270.00 	   -96.00
 2271.00 	   -96.00
 2272.00 	   -96.00
 2273.00 	   -96.00
 2274.00 	   -96.00
 2276.00 	   -96.00
 2277.00 	   -96.00
 2278.00 	   -96.00
 2279.00 	   -96.00
 2280.00 	   -96.00
 2281.00 	   -96.00
 2283.00 	   -96.00
 2284.00 	   -96.00
 2285.00 	   -96.00
 2286.00 	   -96.00
 2287.00 	   -96.00
 2288.00 	   -96.00
 2289.00 	   -96.00
 2291.00 	   -96.00
 2292.00 	   -96.00
 2293.00 	   -96.00
 2294.00 	   -96.00
 2295.00 	   -96.00
 2296.00 	   -96.00
 2297.00 	   -96.00
 2299.00 	   -96.00
 2300.00 	   -96.00
 2301.00 	   -96.00
 2302.00 	   -96.00
 2303.00 	   -96.00
 2304.00 	   -96.00
 2305.00 	   -96.00
 2306.00 	   -96.00
 2308.00 	   -96.00
 2309.00 	   -96.00
 2310.00 	   -96.00
 2311.00 	   -96.00
 2312.00 	   -96.00
 2313.00 	   -95.00
 2314.00 	   -95.00
 2315.00 	   -95.00
 2316.00 	   -95.00
 2318.00 	   -95.00
 2319.00 	   -95.00
 2320.00 	   -95.00
 2321.00 	   -95.00
 2322.00 	   -95.00
 2323.00 	   -95.00
 2324.00 	   -95.00
 2325.00 	   -95.00
 2326.00 	   -95.00
 2327.00 	   -95.00
 2328.00 	   -95.00
 2329.00 	   -95.00
 2331.00 	   -95.00
 2332.00 	   -95.00
 2333.00 	   -95.00
 2334.00 	   -95.00
 2335.00 	   -95.00
 2336.00 	   -95.00
 2337.00 	   -95.00
 2338.00 	   -95.00
 2339.00 	   -95.00
 2340.00 	   -95.00
 2341.00 	   -95.00
 2342.00 	   -95.00
 2343.00 	   -95.00
 2344.00 	   -95.00
 2345.00 	   -95.00
 2346.00 	   -95.00
 2347.00 	   -95.00
 2348.00 	   -95.00
 2349.00 	   -95.00
 2350.00 	   -95.00
 2351.00 	   -95.00
 2352.00 	   -95.00
 2353.00 	   -95.00
 2354.00 	   -95.00
 2356.00 	   -95.00
 2357.00 	   -95.00
 2358.00 	   -95.00
 2359.00 	   -95.00
 2360.00 	   -95.00
 2361.00 	   -95.00
 2362.00 	   -95.00
 2363.00 	   -95.00
 2364.00 	   -95.00
 2365.00 	   -95.00
 2366.00 	   -95.00
 2367.00 	   -95.00
 2368.00 	   -95.00
 2369.00 	   -95.00
 2370.00 	   -95.00
 2370.00 	   -95.00
 2371.00 	   -95.00
 2372.00 	   -95.00
 2373.00 	   -95.00
 2374.00 	   -95.00
 2375.00 	   -95.00
 2376.00 	   -95.00
 2377.00 	   -95.00
 2378.00 	   -95.00
 2379.00 	   -95.00
 2380.00 	   -95.00
 2381.00 	   -95.00
 2382.00 	   -95.00
 2383.00 	   -95.00
 2384.00 	   -95.00
 2385.00 	   -95.00
 2386.00 	   -95.00
 2387.00 	   -95.00
 2388.00 	   -95.00
 2389.00 	   -94.00
 2390.00 	   -94.00
 2391.00 	   -94.00
 2392.00 	   -94.00
 2393.00 	   -94.00
 2393.00 	   -94.00
 2394.00 	   -94.00
 2395.00 	   -94.00
 2396.00 	   -94.00
 2397.00 	   -94.00
 2398.00 	   -94.00
 2399.00 	   -94.00
 2400.00 	   -94.00
 2401.00 	   -94.00
 2402.00 	   -94.00
 2403.00 	   -94.00
 2404.00 	   -94.00
 2404.00 	   -94.00
 2405.00 	   -94.00
 2406.00 	   -94.00
 2407.00 	   -94.00
 2408.00 	   -94.00
 2409.00 	   -94.00
 2410.00 	   -94.00
 2411.00 	   -94.00
 2412.00 	   -94.00
 2412.00 	   -94.00
 2413.00 	   -94.00
 2414.00 	   -94.00
 2415.00 	   -94.00
 2416.00 	   -94.00
 2417.00 	   -94.00
 2418.00 	   -94.00
 2419.00 	   -94.00
 2419.00 	   -94.00
 2420.00 	   -94.00
 2421.00 	   -94.00
 2422.00 	   -94.00
 2423.00 	   -94.00
 2424.00 	   -94.00
 2425.00 	   -94.00
 2425.00 	   -94.00
 2426.00 	   -94.00
 2427.00 	   -94.00
 2428.00 	   -94.00
 2429.00 	   -94.00
 2430.00 	   -94.00
 2431.00 	   -94.00
 2431.00 	   -94.00
 2432.00 	   -94.00
 2433.00 	   -94.00
 2434.00 	   -94.00
 2435.00 	   -94.00
 2435.00 	   -94.00
 2436.00 	   -94.00
 2437.00 	   -94.00
 2438.00 	   -94.00
 2439.00 	   -94.00
 2440.00 	   -94.00
 2440.00 	   -94.00
 2441.00 	   -94.00
 2442.00 	   -94.00
 2443.00 	   -94.00
 2444.00 	   -94.00
 2444.00 	   -94.00
 2445.00 	   -94.00
 2446.00 	   -94.00
 2447.00 	   -94.00
 2448.00 	   -94.00
 2448.00 	   -94.00
 2449.00 	   -94.00
 2450.00 	   -94.00
 2451.00 	   -94.00
 2452.00 	   -94.00
 2452.00 	   -94.00
 2453.00 	   -94.00
 2454.00 	   -94.00
 2455.00 	   -94.00
 2455.00 	   -94.00
 2456.00 	   -94.00
 2457.00 	   -94.00
 2458.00 	   -94.00
 2458.00 	   -94.00
 2459.00 	   -94.00
 2460.00 	   -94.00
 2461.00 	   -94.00
 2461.00 	   -94.00
 2462.00 	   -94.00
 2463.00 	   -94.00
 2464.00 	   -94.00
 2464.00 	   -94.00
 2465.00 	   -94.00
 2466.00 	   -94.00
 2467.00 	   -94.00
 2467.00 	   -94.00
 2468.00 	   -94.00
 2469.00 	   -94.00
 2470.00 	   -94.00
 2470.00 	   -94.00
 2471.00 	   -94.00
 2472.00 	   -94.00
 2472.00 	   -94.00
 2473.00 	   -94.00
 2474.00 	   -94.00
 2475.00 	   -94.00
 2475.00 	   -94.00
 2476.00 	   -94.00
 2477.00 	   -94.00
 2477.00 	   -94.00
 2478.00 	   -94.00
 2479.00 	   -94.00
 2480.00 	   -94.00
 2480.00 	   -94.00
 2481.00 	   -94.00
 2482.00 	   -94.00
 2482.00 	   -94.00
 2483.00 	   -94.00
 2484.00 	   -94.00
 2484.00 	   -94.00
 2485.00 	   -94.00
 2486.00 	   -94.00
 2486.00 	   -94.00
 2487.00 	   -94.00
 2488.00 	   -94.00
 2488.00 	   -94.00
 2489.00 	   -94.00
 2490.00 	   -94.00
 2490.00 	   -94.00
 2491.00 	   -94.00
 2492.00 	   -94.00
 2492.00 	   -94.00
 2493.00 	   -94.00
 2494.00 	   -94.00
 2494.00 	   -94.00
 2495.00 	   -94.00
 2496.00 	   -94.00
 2496.00 	   -94.00
 2497.00 	   -94.00
 2498.00 	   -94.00
 2498.00 	   -94.00
 2499.00 	   -94.00
 2499.00 	   -94.00
 2500.00 	   -94.00
 2501.00 	   -94.00
 2501.00 	   -94.00
 2502.00 	   -94.00
 2503.00 	   -94.00
 2503.00 	   -94.00
 2504.00 	   -94.00
 2504.00 	   -94.00
 2505.00 	   -94.00
 2506.00 	   -94.00
 2506.00 	   -94.00
 2507.00 	   -94.00
 2507.00 	   -94.00
 2508.00 	   -94.00
 2509.00 	   -94.00
 2509.00 	   -94.00
 2510.00 	   -94.00
 2510.00 	   -94.00
 2511.00 	   -94.00
 2512.00 	   -94.00
 2512.00 	   -94.00
 2513.00 	   -94.00
 2513.00 	   -94.00
 2514.00 	   -94.00
 2514.00 	   -94.00
 2515.00 	   -94.00
 2516.00 	   -93.00
 2516.00 	   -93.00
 2517.00 	   -93.00
 2517.00 	   -93.00
 2518.00 	   -93.00
 2518.00 	   -93.00
 2519.00 	   -93.00
 2520.00 	   -93.00
 2520.00 	   -93.00
 2521.00 	   -93.00
 2521.00 	   -93.00
 2522.00 	   -93.00
 2522.00 	   -93.00
 2523.00 	   -93.00
 2523.00 	   -93.00
 2524.00 	   -93.00
 2524.00 	   -93.00
 2525.00 	   -93.00
 2526.00 	   -94.00
 2534.00 	   -94.00
 2541.00 	   -94.00
 2548.00 	   -94.00
 2554.00 	   -94.00
 2560.00 	   -94.00
 2566.00 	   -94.00
 2571.00 	   -94.00
 2575.00 	   -94.00
 2578.00 	   -94.00
 2582.00 	   -94.00
 2584.00 	   -95.00
 2586.00 	   -95.00
 2588.00 	   -95.00
 2589.00 	   -95.00
 2589.00 	   -95.00
 2589.00 	   -96.00
 2588.00 	   -96.00
 2587.00 	   -96.00
 2585.00 	   -97.00
 2583.00 	   -97.00
 2580.00 	   -97.00
 2577.00 	   -98.00
 2573.00 	   -98.00
 2568.00 	   -98.00
 2563.00 	   -99.00
 2558.00 	   -99.00
